cms_omds_lb.CMS_BEAM_COND.CMS_BRIL_LUMIPLTZ.LUMI_TOTINST,,,
19626,,,
ROW,WEIGHT,DIPTIME,LUMI_TOTINST
1,1,1464436148,4221.1353
2,1,1464436150,4221.8604
3,1,1464436151,4222.0435
4,1,1464436153,4222.4175
5,1,1464436154,4221.7515
6,1,1464436155,4220.036
7,1,1464436157,4220.131
8,1,1464436158,4220.0615
9,1,1464436160,4220.193
10,1,1464436161,4220.6704
11,1,1464436163,4220.0063
12,1,1464436164,4220.061
13,1,1464436166,4219.8164
14,1,1464436167,4220.222
15,1,1464436169,4220.9604
16,1,1464436170,4220.0327
17,1,1464436172,4219.6543
18,1,1464436173,4218.6924
19,1,1464436174,4218.4434
20,1,1464436176,4218.347
21,1,1464436177,4219.3022
22,1,1464436179,4220.9404
23,1,1464436180,4218.6216
24,1,1464436182,4218.09
25,1,1464436183,4217.7026
26,1,1464436185,4218.945
27,1,1464436186,4219.1196
28,1,1464436188,4219.6196
29,1,1464436189,4218.091
30,1,1464436190,4217.8125
31,1,1464436192,4217.7827
32,1,1464436193,4218.966
33,1,1464436195,4218.686
34,1,1464436196,4217.655
35,1,1464436198,4219.1855
36,1,1464436199,4217.619
37,1,1464436201,4218.487
38,1,1464436202,4218.636
39,1,1464436204,4218.989
40,1,1464436205,4219.23
41,1,1464436206,4216.647
42,1,1464436208,4219.5835
43,1,1464436209,4219.454
44,1,1464436211,4219.1562
45,1,1464436212,4217.348
46,1,1464436214,4218.294
47,1,1464436215,4218.3003
48,1,1464436217,4219.1113
49,1,1464436218,4218.0366
50,1,1464436220,4218.132
51,1,1464436221,4216.9688
52,1,1464436223,4218.137
53,1,1464436224,4218.588
54,1,1464436225,4216.9956
55,1,1464436227,4216.5347
56,1,1464436228,4216.8896
57,1,1464436230,4216.3623
58,1,1464436231,4215.725
59,1,1464436233,4215.172
60,1,1464436234,4216.3906
61,1,1464436236,4216.944
62,1,1464436237,4216.0376
63,1,1464436239,4216.247
64,1,1464436240,4216.4185
65,1,1464436241,4217.0005
66,1,1464436243,4216.794
67,1,1464436244,4216.018
68,1,1464436246,4215.9253
69,1,1464436247,4217.9785
70,1,1464436249,4216.7354
71,1,1464436250,4218.49
72,1,1464436252,4217.378
73,1,1464436253,4216.113
74,1,1464436255,4218.0645
75,1,1464436256,4216.5293
76,1,1464436257,4216.2505
77,1,1464436259,4216.646
78,1,1464436260,4218.0117
79,1,1464436262,4214.709
80,1,1464436263,4215.49
81,1,1464436265,4214.1597
82,1,1464436266,4216.0986
83,1,1464436268,4215.1953
84,1,1464436269,4213.2627
85,1,1464436271,4212.9263
86,1,1464436272,4213.7573
87,1,1464436274,4213.597
88,1,1464436275,4215.0166
89,1,1464436276,4213.972
90,1,1464436278,4212.056
91,1,1464436279,4213.5024
92,1,1464436281,4213.135
93,1,1464436282,4214.171
94,1,1464436284,4212.4424
95,1,1464436285,4212.9976
96,1,1464436287,4214.2812
97,1,1464436288,4213.229
98,1,1464436290,4213.6675
99,1,1464436291,4211.354
100,1,1464436292,4214.0664
101,1,1464436294,4214.0073
102,1,1464436295,4215.2153
103,1,1464436297,4213.7886
104,1,1464436298,4213.7056
105,1,1464436300,4215.6284
106,1,1464436301,4214.5376
107,1,1464436303,4213.3076
108,1,1464436304,4213.3936
109,1,1464436306,4213.8257
110,1,1464436307,4215.116
111,1,1464436308,4214.1797
112,1,1464436310,4214.3237
113,1,1464436311,4213.3584
114,1,1464436313,4213.558
115,1,1464436314,4213.0415
116,1,1464436316,4212.898
117,1,1464436317,4212.041
118,1,1464436319,4212.4634
119,1,1464436320,4213.081
120,1,1464436322,4212.379
121,1,1464436323,4212.992
122,1,1464436324,4213.0454
123,1,1464436326,4211.944
124,1,1464436327,4212.7324
125,1,1464436329,4210.3374
126,1,1464436330,4211.8457
127,1,1464436332,4212.1147
128,1,1464436333,4212.5957
129,1,1464436335,4212.978
130,1,1464436336,4212.506
131,1,1464436338,4212.8857
132,1,1464436339,4212.518
133,1,1464436341,4210.1025
134,1,1464436342,4208.7646
135,1,1464436343,4209.777
136,1,1464436345,4210.3647
137,1,1464436346,4211.152
138,1,1464436348,4211.207
139,1,1464436349,4212.111
140,1,1464436351,4210.9155
141,1,1464436352,4210.6226
142,1,1464436354,4210.4307
143,1,1464436355,4211.2446
144,1,1464436357,4210.341
145,1,1464436358,4210.169
146,1,1464436359,4213.787
147,1,1464436361,4212.4517
148,1,1464436362,4212.9688
149,1,1464436364,4210.5835
150,1,1464436365,4211.207
151,1,1464436367,4210.6978
152,1,1464436368,4210.1514
153,1,1464436370,4210.7554
154,1,1464436371,4209.861
155,1,1464436373,4208.364
156,1,1464436374,4211.6333
157,1,1464436375,4208.3706
158,1,1464436377,4207.307
159,1,1464436378,4210.738
160,1,1464436380,4209.8716
161,1,1464436381,4209.437
162,1,1464436383,4209.0566
163,1,1464436384,4208.7314
164,1,1464436386,4210.179
165,1,1464436387,4208.2017
166,1,1464436389,4210.13
167,1,1464436390,4208.7866
168,1,1464436392,4211.932
169,1,1464436393,4207.9316
170,1,1464436394,4210.5386
171,1,1464436396,4209.5513
172,1,1464436397,4208.6416
173,1,1464436399,4211.7227
174,1,1464436400,4208.79
175,1,1464436402,4209.0054
176,1,1464436403,4207.9937
177,1,1464436405,4209.3784
178,1,1464436406,4205.901
179,1,1464436408,4208.474
180,1,1464436409,4207.125
181,1,1464436410,4206.935
182,1,1464436412,4208.343
183,1,1464436413,4207.957
184,1,1464436415,4207.629
185,1,1464436416,4205.5195
186,1,1464436418,4206.935
187,1,1464436419,4207.2563
188,1,1464436421,4206.253
189,1,1464436422,4205.3823
190,1,1464436424,4206.6724
191,1,1464436425,4206.6606
192,1,1464436426,4208.0894
193,1,1464436428,4205.292
194,1,1464436429,4206.89
195,1,1464436431,4203.9556
196,1,1464436432,4204.8857
197,1,1464436434,4204.7383
198,1,1464436435,4204.2544
199,1,1464436437,4202.8335
200,1,1464436438,4203.3193
201,1,1464436440,4203.373
202,1,1464436441,4201.9087
203,1,1464436443,4201.4756
204,1,1464436444,4201.6753
205,1,1464436445,4203.1226
206,1,1464436447,4203.048
207,1,1464436448,4202.7393
208,1,1464436450,4202.2427
209,1,1464436451,4201.848
210,1,1464436453,4202.1616
211,1,1464436454,4202.3667
212,1,1464436456,4205.3994
213,1,1464436457,4202.9307
214,1,1464436459,4202.777
215,1,1464436460,4204.097
216,1,1464436461,4203.228
217,1,1464436463,4203.7744
218,1,1464436464,4202.66
219,1,1464436466,4202.8345
220,1,1464436467,4203.976
221,1,1464436469,4203.0176
222,1,1464436470,4201.7524
223,1,1464436472,4201.5845
224,1,1464436473,4202.185
225,1,1464436475,4201.863
226,1,1464436476,4200.9893
227,1,1464436477,4200.6724
228,1,1464436479,4202.2715
229,1,1464436480,4202.4062
230,1,1464436482,4201.7524
231,1,1464436483,4202.268
232,1,1464436485,4201.787
233,1,1464436486,4201.6875
234,1,1464436488,4202.0044
235,1,1464436489,4200.709
236,1,1464436491,4201.9814
237,1,1464436492,4201.479
238,1,1464436493,4200.614
239,1,1464436495,4201.93
240,1,1464436496,4200.2056
241,1,1464436498,4200.0337
242,1,1464436499,4201.9854
243,1,1464436501,4199.5034
244,1,1464436502,4199.584
245,1,1464436504,4199.103
246,1,1464436505,4201.576
247,1,1464436507,4199.241
248,1,1464436508,4198.852
249,1,1464436510,4199.681
250,1,1464436511,4196.7637
251,1,1464436512,4195.498
252,1,1464436514,4196.4727
253,1,1464436515,4197.4277
254,1,1464436517,4197.509
255,1,1464436518,4198.412
256,1,1464436520,4196.512
257,1,1464436521,4196.6133
258,1,1464436523,4195.41
259,1,1464436524,4194.0337
260,1,1464436526,4195.7676
261,1,1464436527,4195.183
262,1,1464436528,4194.328
263,1,1464436530,4196.218
264,1,1464436531,4194.4644
265,1,1464436533,4196.0605
266,1,1464436534,4195.819
267,1,1464436536,4194.6265
268,1,1464436537,4194.305
269,1,1464436539,4194.4287
270,1,1464436540,4194.7837
271,1,1464436542,4196.411
272,1,1464436543,4197.728
273,1,1464436544,4199.0464
274,1,1464436546,4198.4824
275,1,1464436547,4197.3887
276,1,1464436549,4198.4346
277,1,1464436550,4196.3584
278,1,1464436552,4196.2383
279,1,1464436553,4196.7495
280,1,1464436555,4195.3657
281,1,1464436556,4195.9995
282,1,1464436558,4197.7524
283,1,1464436559,4197.364
284,1,1464436561,4195.3384
285,1,1464436562,4195.397
286,1,1464436563,4194.735
287,1,1464436565,4193.044
288,1,1464436566,4194.784
289,1,1464436568,4198.2144
290,1,1464436569,4195.9946
291,1,1464436571,4195.3184
292,1,1464436572,4194.028
293,1,1464436574,4196.161
294,1,1464436575,4194.7944
295,1,1464436577,4195.1836
296,1,1464436578,4195.8726
297,1,1464436579,4195.7017
298,1,1464436581,4195.1406
299,1,1464436582,4198.0483
300,1,1464436584,4196.0605
301,1,1464436585,4195.6523
302,1,1464436587,4195.702
303,1,1464436588,4196.7056
304,1,1464436590,4194.8975
305,1,1464436591,4194.5786
306,1,1464436593,4195.878
307,1,1464436594,4195.6943
308,1,1464436595,4194.8535
309,1,1464436597,4193.8145
310,1,1464436598,4194.415
311,1,1464436600,4196.592
312,1,1464436601,4197.6445
313,1,1464436603,4195.413
314,1,1464436604,4195.8394
315,1,1464436606,4196.283
316,1,1464436607,4197.185
317,1,1464436609,4197.059
318,1,1464436610,4195.6606
319,1,1464436612,4199.214
320,1,1464436613,4197.2207
321,1,1464436614,4195.6113
322,1,1464436616,4196.931
323,1,1464436617,4198.0913
324,1,1464436619,4201.0454
325,1,1464436620,4201.16
326,1,1464436622,4198.4546
327,1,1464436623,4197.2134
328,1,1464436625,4196.667
329,1,1464436626,4194.78
330,1,1464436628,4196.442
331,1,1464436629,4195.985
332,1,1464436630,4194.884
333,1,1464436632,4194.3936
334,1,1464436633,4192.9077
335,1,1464436635,4191.082
336,1,1464436636,4190.4824
337,1,1464436638,4192.808
338,1,1464436639,4191.343
339,1,1464436641,4191.787
340,1,1464436642,4192.7114
341,1,1464436644,4193.124
342,1,1464436645,4193.3403
343,1,1464436646,4192.088
344,1,1464436648,4191.7134
345,1,1464436649,4191.8794
346,1,1464436651,4192.1436
347,1,1464436652,4191.6523
348,1,1464436654,4190.469
349,1,1464436655,4192.7163
350,1,1464436657,4193.2373
351,1,1464436658,4192.625
352,1,1464436660,4193.7
353,1,1464436661,4192.475
354,1,1464436662,4193.944
355,1,1464436664,4195.8335
356,1,1464436665,4195.4023
357,1,1464436667,4193.1753
358,1,1464436668,4194.6274
359,1,1464436670,4196.789
360,1,1464436671,4194.7
361,1,1464436673,4192.988
362,1,1464436674,4193.1484
363,1,1464436676,4194.6597
364,1,1464436677,4193.543
365,1,1464436679,4192.5376
366,1,1464436680,4190.936
367,1,1464436681,4191.7485
368,1,1464436683,4191.8984
369,1,1464436684,4189.769
370,1,1464436686,4190.0474
371,1,1464436687,4189.1875
372,1,1464436689,4192.527
373,1,1464436690,4191.549
374,1,1464436692,4191.4204
375,1,1464436693,4191.063
376,1,1464436695,4191.594
377,1,1464436696,4191.534
378,1,1464436697,4191.793
379,1,1464436699,4191.723
380,1,1464436700,4192.5654
381,1,1464436702,4192.153
382,1,1464436703,4191.782
383,1,1464436705,4190.051
384,1,1464436706,4190.306
385,1,1464436708,4191.379
386,1,1464436709,4191.18
387,1,1464436711,4190.6987
388,1,1464436712,4192.13
389,1,1464436713,4192.3345
390,1,1464436715,4190.65
391,1,1464436716,4190.446
392,1,1464436718,4191.1323
393,1,1464436719,4190.0024
394,1,1464436721,4191.5015
395,1,1464436722,4189.6714
396,1,1464436724,4190.977
397,1,1464436725,4189.4717
398,1,1464436727,4190.6016
399,1,1464436728,4189.2354
400,1,1464436730,4189.676
401,1,1464436731,4188.972
402,1,1464436732,4191.3794
403,1,1464436734,4187.905
404,1,1464436735,4188.5605
405,1,1464436737,4189.504
406,1,1464436738,4190.1387
407,1,1464436740,4189.7437
408,1,1464436741,4187.9834
409,1,1464436743,4189.433
410,1,1464436744,4189.7974
411,1,1464436746,4188.4844
412,1,1464436747,4187.494
413,1,1464436748,4186.859
414,1,1464436750,4187.3794
415,1,1464436751,4187.1997
416,1,1464436753,4187.7397
417,1,1464436754,4187.9727
418,1,1464436756,4189.757
419,1,1464436757,4188.756
420,1,1464436759,4188.6475
421,1,1464436760,4187.4155
422,1,1464436762,4186.9395
423,1,1464436763,4186.483
424,1,1464436764,4185.78
425,1,1464436766,4187.9683
426,1,1464436767,4186.1904
427,1,1464436769,4185.5205
428,1,1464436770,4187.1304
429,1,1464436772,4187.359
430,1,1464436773,4187.025
431,1,1464436775,4185.9497
432,1,1464436776,4186.115
433,1,1464436778,4185.8813
434,1,1464436779,4187.5264
435,1,1464436781,4186.3545
436,1,1464436782,4186.2363
437,1,1464436783,4190.722
438,1,1464436785,4187.8325
439,1,1464436786,4185.935
440,1,1464436788,4187.4927
441,1,1464436789,4187.17
442,1,1464436791,4186.484
443,1,1464436792,4186.0596
444,1,1464436794,4184.177
445,1,1464436795,4183.6
446,1,1464436797,4185.838
447,1,1464436798,4185.5625
448,1,1464436799,4185.5293
449,1,1464436801,4182.693
450,1,1464436802,4186.2046
451,1,1464436804,4184.598
452,1,1464436805,4184.29
453,1,1464436807,4183.5054
454,1,1464436808,4184.06
455,1,1464436810,4185.1646
456,1,1464436811,4181.8223
457,1,1464436813,4182.945
458,1,1464436814,4182.8945
459,1,1464436815,4182.7207
460,1,1464436817,4184.059
461,1,1464436818,4182.868
462,1,1464436820,4182.2744
463,1,1464436821,4180.769
464,1,1464436823,4182.4062
465,1,1464436824,4183.2056
466,1,1464436826,4181.836
467,1,1464436827,4181.5894
468,1,1464436829,4184.803
469,1,1464436830,4183.9814
470,1,1464436831,4181.811
471,1,1464436833,4183.345
472,1,1464436834,4180.826
473,1,1464436836,4181.9604
474,1,1464436837,4180.9595
475,1,1464436839,4182.0024
476,1,1464436840,4181.107
477,1,1464436842,4182.754
478,1,1464436843,4183.3203
479,1,1464436845,4182.48
480,1,1464436846,4181.185
481,1,1464436848,4182.0854
482,1,1464436849,4181.573
483,1,1464436850,4180.543
484,1,1464436852,4183.7397
485,1,1464436853,4181.176
486,1,1464436855,4182.562
487,1,1464436856,4180.798
488,1,1464436858,4181.3735
489,1,1464436859,4181.234
490,1,1464436861,4182.481
491,1,1464436862,4182.0234
492,1,1464436864,4180.2876
493,1,1464436865,4178.887
494,1,1464436866,4181.145
495,1,1464436868,4182.5303
496,1,1464436869,4182.7236
497,1,1464436871,4182.3843
498,1,1464436872,4179.9863
499,1,1464436874,4178.8604
500,1,1464436875,4181.5273
501,1,1464436877,4182.484
502,1,1464436878,4178.8296
503,1,1464436880,4180.8716
504,1,1464436881,4178.681
505,1,1464436882,4180.2466
506,1,1464436884,4177.6685
507,1,1464436885,4179.437
508,1,1464436887,4178.9844
509,1,1464436888,4180.2383
510,1,1464436890,4179.276
511,1,1464436891,4176.729
512,1,1464436893,4177.405
513,1,1464436894,4178.593
514,1,1464436896,4177.4546
515,1,1464436897,4175.8633
516,1,1464436899,4176.5474
517,1,1464436900,4175.888
518,1,1464436901,4175.256
519,1,1464436903,4175.0527
520,1,1464436904,4173.6294
521,1,1464436906,4174.8154
522,1,1464436907,4176.147
523,1,1464436909,4173.687
524,1,1464436910,4173.732
525,1,1464436912,4172.9453
526,1,1464436913,4173.122
527,1,1464436915,4172.0464
528,1,1464436916,4171.663
529,1,1464436920,4170.366
530,1,1464436922,4170.2544
531,1,1464436923,4167.8394
532,1,1464436925,4169.2856
533,1,1464436926,4167.7095
534,1,1464436928,4168.538
535,1,1464436929,4168.2305
536,1,1464436931,4168.513
537,1,1464436932,4166.1294
538,1,1464436933,4167.0044
539,1,1464436935,4168.2725
540,1,1464436936,4166.122
541,1,1464436938,4167.441
542,1,1464436939,4166.279
543,1,1464436941,4166.5615
544,1,1464436942,4165.238
545,1,1464436944,4169.9746
546,1,1464436945,4029.4512
547,1,1464436947,3251.644
548,1,1464436948,2148.0935
549,1,1464436950,1516.5988
550,1,1464436951,1430.6437
551,1,1464436952,1429.7284
552,1,1464436954,1436.2222
553,1,1464436955,1435.3887
554,1,1464436957,1434.3685
555,1,1464436958,1435.7485
556,1,1464436960,1438.4637
557,1,1464436961,1441.2805
558,1,1464436963,1443.953
559,1,1464436964,1448.479
560,1,1464436966,1654.4397
561,1,1464436967,2262.2363
562,1,1464436968,2617.8335
563,1,1464436970,2639.866
564,1,1464436971,2637.4788
565,1,1464436973,2637.072
566,1,1464436974,2633.8047
567,1,1464436976,2639.2712
568,1,1464436977,2646.1636
569,1,1464436979,2635.799
570,1,1464436980,2638.364
571,1,1464436982,2636.0823
572,1,1464436983,2715.6309
573,1,1464436984,3216.2546
574,1,1464436986,3686.088
575,1,1464436987,3763.632
576,1,1464436989,3761.3442
577,1,1464436990,3764.158
578,1,1464436992,3767.1453
579,1,1464436993,3764.616
580,1,1464436995,3764.1772
581,1,1464436996,3765.4731
582,1,1464436998,3765.5564
583,1,1464436999,3763.3225
584,1,1464437001,3760.9985
585,1,1464437002,3913.5505
586,1,1464437003,4140.101
587,1,1464437005,4165.915
588,1,1464437006,4161.8486
589,1,1464437008,4160.6895
590,1,1464437009,4160.1597
591,1,1464437011,4160.6357
592,1,1464437012,4162.9087
593,1,1464437014,4162.5435
594,1,1464437015,4160.9688
595,1,1464437017,4161.2437
596,1,1464437018,4163.6875
597,1,1464437019,4153.445
598,1,1464437021,3995.767
599,1,1464437022,3661.5686
600,1,1464437024,3577.724
601,1,1464437025,3575.1023
602,1,1464437027,3579.0796
603,1,1464437028,3574.68
604,1,1464437030,3582.3967
605,1,1464437031,3583.3538
606,1,1464437033,3584.4524
607,1,1464437034,3583.0728
608,1,1464437035,3582.2454
609,1,1464437037,3580.6846
610,1,1464437038,3331.217
611,1,1464437040,2712.5273
612,1,1464437041,2383.7969
613,1,1464437043,2367.7805
614,1,1464437044,2376.5002
615,1,1464437046,2373.0686
616,1,1464437047,2371.3691
617,1,1464437049,2378.263
618,1,1464437050,2377.2407
619,1,1464437051,2378.681
620,1,1464437053,2375.9338
621,1,1464437054,2373.7688
622,1,1464437056,2311.556
623,1,1464437057,1808.3925
624,1,1464437059,1299.0049
625,1,1464437060,1208.4696
626,1,1464437062,1206.3041
627,1,1464437063,1206.7931
628,1,1464437065,1210.9631
629,1,1464437066,1206.3053
630,1,1464437068,1204.8986
631,1,1464437069,1210.7661
632,1,1464437070,1203.7201
633,1,1464437072,1205.8737
634,1,1464437073,1210.4618
635,1,1464437075,1469.2983
636,1,1464437076,2392.7263
637,1,1464437078,3525.108
638,1,1464437079,4086.889
639,1,1464437081,4159.7944
640,1,1464437082,4160.075
641,1,1464437084,4148.4365
642,1,1464437085,3745.3503
643,1,1464437086,2235.6855
644,1,1464437088,894.4427
645,1,1464437089,432.0216
646,1,1464437091,386.12088
647,1,1464437092,386.09402
648,1,1464437094,386.30896
649,1,1464437095,386.92938
650,1,1464437097,386.93817
651,1,1464437098,387.59854
652,1,1464437100,387.1867
653,1,1464437101,387.65717
654,1,1464437102,388.19998
655,1,1464437104,391.45908
656,1,1464437105,536.5728
657,1,1464437107,964.62476
658,1,1464437108,1214.1162
659,1,1464437110,1217.1095
660,1,1464437111,1217.847
661,1,1464437113,1217.3973
662,1,1464437114,1215.875
663,1,1464437116,1216.9086
664,1,1464437117,1216.7708
665,1,1464437119,1215.3643
666,1,1464437120,1214.9878
667,1,1464437121,1216.0398
668,1,1464437123,1334.0249
669,1,1464437124,2049.7883
670,1,1464437126,2798.3447
671,1,1464437127,2890.2417
672,1,1464437129,2891.0117
673,1,1464437130,2885.1663
674,1,1464437132,2875.0215
675,1,1464437133,2872.4001
676,1,1464437135,2882.4
677,1,1464437136,2887.7148
678,1,1464437137,2891.8704
679,1,1464437139,2887.5085
680,1,1464437140,2908.1675
681,1,1464437142,3414.6584
682,1,1464437143,4043.1938
683,1,1464437145,4150.2334
684,1,1464437146,4150.2065
685,1,1464437148,4150.9404
686,1,1464437149,4149.593
687,1,1464437151,4149.6714
688,1,1464437152,4148.8438
689,1,1464437153,4149.323
690,1,1464437155,4148.827
691,1,1464437156,4149.0566
692,1,1464437158,4149.9595
693,1,1464437159,4150.6074
694,1,1464437161,3839.5364
695,1,1464437162,3302.6785
696,1,1464437164,3241.9897
697,1,1464437165,3242.148
698,1,1464437167,3244.4785
699,1,1464437168,3245.9941
700,1,1464437170,3244.9514
701,1,1464437171,3247.9524
702,1,1464437172,3250.9692
703,1,1464437174,3251.213
704,1,1464437175,3251.1804
705,1,1464437177,3217.7957
706,1,1464437178,2604.9155
707,1,1464437180,1702.0485
708,1,1464437181,1464.3542
709,1,1464437183,1465.0663
710,1,1464437184,1465.7236
711,1,1464437186,1466.3391
712,1,1464437187,1465.4302
713,1,1464437188,1466.3207
714,1,1464437190,1465.2346
715,1,1464437191,1465.9834
716,1,1464437193,1466.6853
717,1,1464437194,1466.8009
718,1,1464437196,1276.416
719,1,1464437197,744.03186
720,1,1464437199,484.7939
721,1,1464437200,470.5909
722,1,1464437202,470.2294
723,1,1464437203,471.04962
724,1,1464437204,469.79352
725,1,1464437206,471.1403
726,1,1464437207,471.2763
727,1,1464437209,470.86758
728,1,1464437210,471.7152
729,1,1464437212,472.1785
730,1,1464437213,520.29297
731,1,1464437215,1020.9345
732,1,1464437216,2442.9978
733,1,1464437218,3881.3486
734,1,1464437219,4153.7466
735,1,1464437220,4148.387
736,1,1464437222,4148.8223
737,1,1464437223,4147.393
738,1,1464437225,4149.473
739,1,1464437226,4148.252
740,1,1464437228,4149.477
741,1,1464437229,4152.183
742,1,1464437231,4152.293
743,1,1464437232,4151.5884
744,1,1464437234,4149.537
745,1,1464437235,4147.152
746,1,1464437237,4146.7173
747,1,1464437238,4150.873
748,1,1464437239,4151.1006
749,1,1464437241,4149.789
750,1,1464437242,4147.0527
751,1,1464437244,4146.776
752,1,1464437245,4147.016
753,1,1464437247,4147.019
754,1,1464437248,4147.255
755,1,1464437250,4146.248
756,1,1464437251,4148.145
757,1,1464437253,4149.5264
758,1,1464437254,4147.556
759,1,1464437255,4148.882
760,1,1464437257,4148.2393
761,1,1464437258,4148.0356
762,1,1464437260,4146.4976
763,1,1464437261,4145.776
764,1,1464437263,4148.215
765,1,1464437264,4146.7153
766,1,1464437266,4147.3887
767,1,1464437267,4148.7803
768,1,1464437269,4147.2993
769,1,1464437270,4147.579
770,1,1464437271,4147.6416
771,1,1464437273,4147.4097
772,1,1464437274,4147.7407
773,1,1464437276,4148.72
774,1,1464437277,4147.637
775,1,1464437279,4147.037
776,1,1464437280,4149.697
777,1,1464437282,4146.425
778,1,1464437283,4146.0557
779,1,1464437285,4146.811
780,1,1464437286,4147.2285
781,1,1464437288,4146.941
782,1,1464437289,4146.1704
783,1,1464437290,4146.725
784,1,1464437292,4147.0024
785,1,1464437293,4147.0317
786,1,1464437295,4145.995
787,1,1464437296,4147.614
788,1,1464437298,4146.4277
789,1,1464437299,4146.111
790,1,1464437301,4146.293
791,1,1464437302,4146.76
792,1,1464437304,4148.214
793,1,1464437305,4147.1685
794,1,1464437306,4148.275
795,1,1464437308,4146.8174
796,1,1464437309,4144.673
797,1,1464437311,4147.4507
798,1,1464437312,4147.379
799,1,1464437314,4146.2163
800,1,1464437315,4146.9214
801,1,1464437317,4146.6343
802,1,1464437318,4146.331
803,1,1464437320,4146.0767
804,1,1464437321,4148.293
805,1,1464437322,4146.2617
806,1,1464437324,4146.6187
807,1,1464437325,4146.208
808,1,1464437327,4145.4287
809,1,1464437328,4144.764
810,1,1464437330,4147.344
811,1,1464437331,4146.6245
812,1,1464437333,4147.025
813,1,1464437334,4145.7993
814,1,1464437336,4147.017
815,1,1464437337,4144.932
816,1,1464437339,4146.901
817,1,1464437340,4147.573
818,1,1464437341,4145.8726
819,1,1464437343,4144.7275
820,1,1464437344,4145.047
821,1,1464437346,4143.336
822,1,1464437347,4143.5166
823,1,1464437349,4144.5117
824,1,1464437350,4142.622
825,1,1464437352,4144.478
826,1,1464437353,4144.082
827,1,1464437355,4142.8335
828,1,1464437356,4143.3164
829,1,1464437357,4142.5615
830,1,1464437359,4143.5894
831,1,1464437360,4142.8076
832,1,1464437362,4142.4917
833,1,1464437363,4145.058
834,1,1464437365,4144.1255
835,1,1464437366,4146.007
836,1,1464437368,4144.2197
837,1,1464437369,4143.4854
838,1,1464437371,4143.6924
839,1,1464437372,4142.303
840,1,1464437373,4142.605
841,1,1464437375,4142.6323
842,1,1464437376,4140.7314
843,1,1464437378,4142.2056
844,1,1464437379,4143.2847
845,1,1464437381,4141.727
846,1,1464437382,4140.0684
847,1,1464437384,4140.0083
848,1,1464437385,4141.074
849,1,1464437387,4141.689
850,1,1464437388,4142.3403
851,1,1464437389,4140.66
852,1,1464437391,4141.856
853,1,1464437392,4140.931
854,1,1464437394,4141.261
855,1,1464437395,4141.5024
856,1,1464437397,4140.3257
857,1,1464437398,4141.5093
858,1,1464437400,4142.231
859,1,1464437401,4139.702
860,1,1464437403,4142.383
861,1,1464437404,4140.18
862,1,1464437406,4139.8213
863,1,1464437407,4141.11
864,1,1464437408,4140.119
865,1,1464437410,4139.5503
866,1,1464437411,4139.797
867,1,1464437413,4141.6733
868,1,1464437414,4140.7773
869,1,1464437416,4139.777
870,1,1464437417,4139.7695
871,1,1464437419,4139.8027
872,1,1464437420,4139.2285
873,1,1464437422,4138.937
874,1,1464437423,4138.1055
875,1,1464437424,4139.13
876,1,1464437426,4139.9404
877,1,1464437427,4138.7793
878,1,1464437429,4139.51
879,1,1464437430,4137.892
880,1,1464437432,4138.715
881,1,1464437433,4137.39
882,1,1464437435,4139.95
883,1,1464437436,4138.441
884,1,1464437438,4137.447
885,1,1464437439,4139.714
886,1,1464437440,4137.9043
887,1,1464437442,4138.1494
888,1,1464437443,4137.7427
889,1,1464437445,4137.356
890,1,1464437446,4136.877
891,1,1464437448,4138.397
892,1,1464437449,4137.704
893,1,1464437451,4137.216
894,1,1464437452,4137.9106
895,1,1464437454,4137.722
896,1,1464437455,4137.149
897,1,1464437457,4138.6475
898,1,1464437458,4137.5264
899,1,1464437459,4137.82
900,1,1464437461,4136.1494
901,1,1464437462,4135.1987
902,1,1464437464,4135.7188
903,1,1464437465,4134.1
904,1,1464437467,4136.3447
905,1,1464437468,4137.54
906,1,1464437470,4136.3335
907,1,1464437471,4133.6943
908,1,1464437473,4134.9204
909,1,1464437474,4134.6587
910,1,1464437475,4133.5737
911,1,1464437482,4134.9775
912,1,1464437484,4133.5405
913,1,1464437486,4132.3423
914,1,1464437487,4134.0864
915,1,1464437489,4131.6133
916,1,1464437490,4133.957
917,1,1464437491,4133.753
918,1,1464437493,4133.505
919,1,1464437494,4132.3843
920,1,1464437498,4133.5415
921,1,1464437500,4132.0093
922,1,1464437502,4132.6064
923,1,1464437503,4132.099
924,1,1464437505,4133.229
925,1,1464437506,4132.8364
926,1,1464437508,4134.3926
927,1,1464437509,4133.259
928,1,1464437510,4134.6763
929,1,1464437512,4133.708
930,1,1464437513,4134.9395
931,1,1464437515,4133.944
932,1,1464437516,4132.725
933,1,1464437518,4131.9385
934,1,1464437519,4131.5815
935,1,1464437521,4132.369
936,1,1464437522,4131.7554
937,1,1464437524,4130.9766
938,1,1464437525,4131.647
939,1,1464437526,4130.8794
940,1,1464437528,4131.4956
941,1,1464437529,4130.83
942,1,1464437531,4132.1455
943,1,1464437532,4131.906
944,1,1464437534,4131.6455
945,1,1464437535,4131.535
946,1,1464437537,4133.183
947,1,1464437538,4132.112
948,1,1464437540,4132.555
949,1,1464437541,4132.876
950,1,1464437542,4130.96
951,1,1464437544,4131.2524
952,1,1464437545,4131.965
953,1,1464437547,4133.346
954,1,1464437548,4132.4653
955,1,1464437550,4132.5933
956,1,1464437551,4132.1987
957,1,1464437553,4131.6426
958,1,1464437554,4132.6353
959,1,1464437556,4132.412
960,1,1464437557,4132.1016
961,1,1464437559,4131.443
962,1,1464437560,4131.6016
963,1,1464437561,4130.76
964,1,1464437563,4131.2886
965,1,1464437564,4131.241
966,1,1464437566,4129.9395
967,1,1464437567,4130.334
968,1,1464437569,4131.8447
969,1,1464437570,4132.0654
970,1,1464437572,4130.447
971,1,1464437573,4131.22
972,1,1464437575,4130.452
973,1,1464437576,4130.3623
974,1,1464437577,4131.547
975,1,1464437579,4131.046
976,1,1464437580,4130.7983
977,1,1464437582,4132.0044
978,1,1464437583,4131.6685
979,1,1464437585,4130.459
980,1,1464437586,4129.1025
981,1,1464437588,4130.589
982,1,1464437589,4130.1084
983,1,1464437591,4128.7734
984,1,1464437592,4129.7485
985,1,1464437593,4130.5444
986,1,1464437595,4130.4307
987,1,1464437596,4131.432
988,1,1464437598,4128.333
989,1,1464437599,4132.7793
990,1,1464437601,4137.7583
991,1,1464437602,4141.893
992,1,1464437604,4139.019
993,1,1464437605,4135.374
994,1,1464437607,4131.929
995,1,1464437608,4130.221
996,1,1464437609,4127.9307
997,1,1464437611,4131.452
998,1,1464437612,4134.8574
999,1,1464437614,4129.648
1000,1,1464437615,4124.067
1001,1,1464437617,4122.559
1002,1,1464437618,4126.5796
1003,1,1464437620,4126.125
1004,1,1464437621,4128.069
1005,1,1464437623,4126.838
1006,1,1464437624,4125.8467
1007,1,1464437626,4122.7646
1008,1,1464437627,4122.0776
1009,1,1464437628,4120.454
1010,1,1464437630,4122.2026
1011,1,1464437631,4121.543
1012,1,1464437633,4121.9404
1013,1,1464437634,4119.6973
1014,1,1464437636,4120.603
1015,1,1464437637,4122.3555
1016,1,1464437639,4121.4434
1017,1,1464437640,4124.1655
1018,1,1464437642,4125.3955
1019,1,1464437643,4125.8354
1020,1,1464437644,4125.6963
1021,1,1464437646,4128.3096
1022,1,1464437647,4128.827
1023,1,1464437649,4128.646
1024,1,1464437650,4129.3213
1025,1,1464437652,4130.958
1026,1,1464437653,4131.7188
1027,1,1464437655,4129.8325
1028,1,1464437656,4129.009
1029,1,1464437658,4129.8013
1030,1,1464437659,4131.7563
1031,1,1464437660,4129.1577
1032,1,1464437662,4129.0225
1033,1,1464437663,4128.327
1034,1,1464437665,4126.949
1035,1,1464437666,4125.8247
1036,1,1464437668,4126.6357
1037,1,1464437669,4124.8296
1038,1,1464437671,4131.497
1039,1,1464437672,4134.2
1040,1,1464437674,4136.0146
1041,1,1464437675,4131.2476
1042,1,1464437677,4128.4756
1043,1,1464437678,4128.03
1044,1,1464437679,4126.0645
1045,1,1464437681,4127.1426
1046,1,1464437682,4131.203
1047,1,1464437684,4132.547
1048,1,1464437685,4134.572
1049,1,1464437687,4133.8013
1050,1,1464437688,4132.095
1051,1,1464437690,4129.164
1052,1,1464437691,4128.4814
1053,1,1464437693,4127.7627
1054,1,1464437694,4125.0034
1055,1,1464437695,4126.194
1056,1,1464437697,4124.9087
1057,1,1464437698,4124.443
1058,1,1464437700,4123.3335
1059,1,1464437701,4121.232
1060,1,1464437703,4119.3506
1061,1,1464437704,4117.931
1062,1,1464437706,4116.6895
1063,1,1464437707,4116.151
1064,1,1464437709,4116.0254
1065,1,1464437710,4114.7305
1066,1,1464437711,4116.5137
1067,1,1464437713,4116.9507
1068,1,1464437714,4114.8745
1069,1,1464437716,4117.0684
1070,1,1464437717,4116.2993
1071,1,1464437719,4115.586
1072,1,1464437720,4117.716
1073,1,1464437722,4119.863
1074,1,1464437723,4118.0576
1075,1,1464437725,4119.488
1076,1,1464437726,4119.2095
1077,1,1464437728,4121.115
1078,1,1464437729,4121.96
1079,1,1464437730,4121.6636
1080,1,1464437732,4120.7603
1081,1,1464437733,4119.042
1082,1,1464437735,4121.243
1083,1,1464437736,4121.446
1084,1,1464437738,4119.6514
1085,1,1464437739,4118.897
1086,1,1464437741,4117.6016
1087,1,1464437742,4117.914
1088,1,1464437744,4118.264
1089,1,1464437745,4117.791
1090,1,1464437746,4115.563
1091,1,1464437748,4117.1416
1092,1,1464437749,4116.9355
1093,1,1464437751,4116.717
1094,1,1464437752,4116.4287
1095,1,1464437754,4116.901
1096,1,1464437755,4117.8022
1097,1,1464437757,4119.8213
1098,1,1464437758,4117.6753
1099,1,1464437760,4121.8843
1100,1,1464437761,4120.4604
1101,1,1464437762,4120.635
1102,1,1464437764,4120.1377
1103,1,1464437765,4121.834
1104,1,1464437767,4121.4346
1105,1,1464437768,4120.9194
1106,1,1464437770,4119.682
1107,1,1464437771,4120.5137
1108,1,1464437773,4123.093
1109,1,1464437774,4123.285
1110,1,1464437776,4121.273
1111,1,1464437777,4121.458
1112,1,1464437778,4117.7783
1113,1,1464437780,4114.9526
1114,1,1464437781,4112.3677
1115,1,1464437783,4112.2954
1116,1,1464437789,4115.675
1117,1,1464437790,4118.3804
1118,1,1464437792,4115.0884
1119,1,1464437793,4114.1914
1120,1,1464437795,4115.5234
1121,1,1464437796,4113.449
1122,1,1464437797,4115.869
1123,1,1464437799,4114.972
1124,1,1464437800,4118.721
1125,1,1464437802,4113.014
1126,1,1464437803,4103.08
1127,1,1464437805,4100.018
1128,1,1464437806,4109.713
1129,1,1464437808,4120.747
1130,1,1464437809,4121.5166
1131,1,1464437811,4115.381
1132,1,1464437812,4111.8325
1133,1,1464437813,4113.338
1134,1,1464437815,4113.348
1135,1,1464437816,4114.8467
1136,1,1464437818,4118.791
1137,1,1464437819,4123.238
1138,1,1464437821,4122.3384
1139,1,1464437822,4115.9053
1140,1,1464437824,4112.9507
1141,1,1464437825,4113.9697
1142,1,1464437827,4118.126
1143,1,1464437828,4116.9355
1144,1,1464437829,4117.3003
1145,1,1464437831,4113.498
1146,1,1464437832,4114.7446
1147,1,1464437834,4114.4653
1148,1,1464437835,4117.7866
1149,1,1464437837,4118.818
1150,1,1464437838,4116.4097
1151,1,1464437840,4114.8687
1152,1,1464437841,4113.0396
1153,1,1464437843,4112.263
1154,1,1464437844,4113.81
1155,1,1464437846,4116.686
1156,1,1464437847,4116.028
1157,1,1464437848,4114.31
1158,1,1464437850,4113.5796
1159,1,1464437851,4112.4316
1160,1,1464437853,4114.6377
1161,1,1464437854,4115.368
1162,1,1464437856,4114.7554
1163,1,1464437857,4114.3384
1164,1,1464437859,4112.8955
1165,1,1464437860,4112.839
1166,1,1464437862,4112.271
1167,1,1464437863,4113.643
1168,1,1464437864,4111.876
1169,1,1464437866,4112.4404
1170,1,1464437867,4112.197
1171,1,1464437869,4111.475
1172,1,1464437870,4111.5605
1173,1,1464437872,4113.822
1174,1,1464437873,4113.797
1175,1,1464437875,4110.958
1176,1,1464437876,4113.636
1177,1,1464437878,4110.2314
1178,1,1464437879,4113.678
1179,1,1464437880,4110.849
1180,1,1464437882,4110.7197
1181,1,1464437883,4109.8594
1182,1,1464437885,4110.602
1183,1,1464437886,4110.578
1184,1,1464437888,4110.497
1185,1,1464437889,4110.3604
1186,1,1464437891,4109.696
1187,1,1464437892,4110.025
1188,1,1464437894,4109.711
1189,1,1464437895,4109.3877
1190,1,1464437897,4110.6406
1191,1,1464437898,4108.5444
1192,1,1464437899,4108.106
1193,1,1464437901,4108.059
1194,1,1464437902,4106.763
1195,1,1464437904,4109.2617
1196,1,1464437905,4109.0127
1197,1,1464437907,4107.801
1198,1,1464437908,4107.2456
1199,1,1464437910,4108.788
1200,1,1464437911,4107.351
1201,1,1464437913,4106.0044
1202,1,1464437914,4108.044
1203,1,1464437915,4105.4717
1204,1,1464437917,4108.4126
1205,1,1464437918,4107.2993
1206,1,1464437920,4107.519
1207,1,1464437921,4105.9067
1208,1,1464437923,4106.859
1209,1,1464437924,4106.646
1210,1,1464437926,4105.957
1211,1,1464437927,4107.524
1212,1,1464437929,4106.332
1213,1,1464437930,4106.322
1214,1,1464437931,4104.892
1215,1,1464437933,4107.677
1216,1,1464437934,4105.0405
1217,1,1464437936,4106.509
1218,1,1464437937,4103.874
1219,1,1464437939,4104.742
1220,1,1464437940,4105.909
1221,1,1464437942,4104.4624
1222,1,1464437943,4103.8677
1223,1,1464437945,4106.8975
1224,1,1464437946,4105.7427
1225,1,1464437947,4104.605
1226,1,1464437949,4105.72
1227,1,1464437950,4105.5527
1228,1,1464437952,4105.244
1229,1,1464437953,4104.878
1230,1,1464437955,4104.856
1231,1,1464437956,4103.9575
1232,1,1464437958,4103.3486
1233,1,1464437959,4105.305
1234,1,1464437961,4105.013
1235,1,1464437962,4105.266
1236,1,1464437964,4103.7896
1237,1,1464437965,4104.4385
1238,1,1464437966,4104.387
1239,1,1464437968,4104.0107
1240,1,1464437969,4102.637
1241,1,1464437971,4105.561
1242,1,1464437972,4103.1396
1243,1,1464437974,4103.7495
1244,1,1464437975,4104.908
1245,1,1464437977,4104.509
1246,1,1464437978,4104.081
1247,1,1464437980,4104.4595
1248,1,1464437981,4103.607
1249,1,1464437982,4103.361
1250,1,1464437984,4104.426
1251,1,1464437985,4103.664
1252,1,1464437987,4103.446
1253,1,1464437988,4102.956
1254,1,1464437990,4103.2764
1255,1,1464437991,4102.842
1256,1,1464437993,4103.711
1257,1,1464437994,4101.302
1258,1,1464437996,4103.7617
1259,1,1464437997,4100.3247
1260,1,1464437998,4102.004
1261,1,1464438000,4100.713
1262,1,1464438001,4101.338
1263,1,1464438003,4102.6484
1264,1,1464438004,4101.2715
1265,1,1464438006,4102.868
1266,1,1464438007,4100.7954
1267,1,1464438009,4099.8984
1268,1,1464438010,4100.564
1269,1,1464438012,4099.924
1270,1,1464438013,4100.1597
1271,1,1464438015,4101.3613
1272,1,1464438016,4099.8384
1273,1,1464438017,4098.8413
1274,1,1464438019,4100.512
1275,1,1464438020,4099.8306
1276,1,1464438022,4100.2505
1277,1,1464438023,4098.455
1278,1,1464438025,4098.6274
1279,1,1464438026,4098.3716
1280,1,1464438028,4098.818
1281,1,1464438029,4096.9595
1282,1,1464438031,4097.935
1283,1,1464438032,4098.114
1284,1,1464438033,4097.5635
1285,1,1464438035,4097.4287
1286,1,1464438036,4097.5195
1287,1,1464438038,4097.5576
1288,1,1464438039,4096.0796
1289,1,1464438041,4095.411
1290,1,1464438042,4096.3765
1291,1,1464438044,4097.306
1292,1,1464438045,4095.8997
1293,1,1464438047,4095.5618
1294,1,1464438048,4098.4507
1295,1,1464438049,4096.7363
1296,1,1464438051,4097.0464
1297,1,1464438052,4097.2656
1298,1,1464438054,4094.9197
1299,1,1464438055,4094.7249
1300,1,1464438057,4096.595
1301,1,1464438058,4095.7366
1302,1,1464438060,4096.983
1303,1,1464438061,4096.961
1304,1,1464438063,4096.031
1305,1,1464438064,4096.5503
1306,1,1464438066,4096.4604
1307,1,1464438067,4095.2966
1308,1,1464438068,4096.978
1309,1,1464438070,4095.684
1310,1,1464438071,4095.1807
1311,1,1464438073,4096.3794
1312,1,1464438074,4095.104
1313,1,1464438076,4094.5518
1314,1,1464438077,4095.3223
1315,1,1464438079,4094.1682
1316,1,1464438080,4093.7407
1317,1,1464438082,4095.756
1318,1,1464438083,4095.0425
1319,1,1464438084,4095.2764
1320,1,1464438086,4094.211
1321,1,1464438087,4096.641
1322,1,1464438089,4094.949
1323,1,1464438090,4095.396
1324,1,1464438092,4096.089
1325,1,1464438093,4096.0156
1326,1,1464438095,4094.6255
1327,1,1464438096,4094.9265
1328,1,1464438098,4094.6047
1329,1,1464438099,4094.3098
1330,1,1464438100,4094.3623
1331,1,1464438102,4092.9458
1332,1,1464438103,4093.2139
1333,1,1464438105,4095.162
1334,1,1464438106,4095.6663
1335,1,1464438108,4094.3652
1336,1,1464438109,4094.4192
1337,1,1464438111,4094.6018
1338,1,1464438112,4092.807
1339,1,1464438114,4092.6338
1340,1,1464438115,4094.12
1341,1,1464438117,4091.8157
1342,1,1464438118,4092.4658
1343,1,1464438119,4092.1575
1344,1,1464438121,4093.3857
1345,1,1464438122,4092.7065
1346,1,1464438124,4093.3484
1347,1,1464438125,4091.7556
1348,1,1464438127,4091.2812
1349,1,1464438128,4091.7488
1350,1,1464438130,4092.4778
1351,1,1464438131,4091.2988
1352,1,1464438133,4092.1326
1353,1,1464438134,4092.2112
1354,1,1464438135,4090.1016
1355,1,1464438137,4091.8262
1356,1,1464438138,4089.124
1357,1,1464438140,4091.3638
1358,1,1464438141,4091.8567
1359,1,1464438143,4090.0405
1360,1,1464438144,4091.334
1361,1,1464438146,4091.4006
1362,1,1464438147,4090.785
1363,1,1464438149,4091.6965
1364,1,1464438150,4090.6675
1365,1,1464438151,4089.9993
1366,1,1464438153,4090.9102
1367,1,1464438154,4090.8672
1368,1,1464438156,4089.5256
1369,1,1464438157,4090.7307
1370,1,1464438159,4088.5623
1371,1,1464438160,4088.8672
1372,1,1464438162,4090.7861
1373,1,1464438163,4090.8726
1374,1,1464438165,4089.2405
1375,1,1464438166,4090.2734
1376,1,1464438167,4089.6045
1377,1,1464438169,4088.527
1378,1,1464438170,4088.9968
1379,1,1464438172,4089.2593
1380,1,1464438173,4089.402
1381,1,1464438175,4087.7327
1382,1,1464438176,4089.6475
1383,1,1464438178,4090.9763
1384,1,1464438179,4090.7388
1385,1,1464438181,4089.4553
1386,1,1464438182,4089.2244
1387,1,1464438184,4089.1943
1388,1,1464438185,4087.18
1389,1,1464438186,4089.566
1390,1,1464438188,4089.9456
1391,1,1464438189,4089.6816
1392,1,1464438191,4089.2986
1393,1,1464438192,4087.9507
1394,1,1464438194,4088.6821
1395,1,1464438195,4088.0142
1396,1,1464438197,4088.218
1397,1,1464438198,4088.7466
1398,1,1464438200,4090.384
1399,1,1464438201,4088.664
1400,1,1464438202,4088.3528
1401,1,1464438204,4090.5518
1402,1,1464438205,4089.5955
1403,1,1464438207,4089.9023
1404,1,1464438208,4086.6157
1405,1,1464438210,4089.1475
1406,1,1464438211,4088.3787
1407,1,1464438213,4087.3848
1408,1,1464438214,4088.5474
1409,1,1464438216,4086.795
1410,1,1464438217,4086.064
1411,1,1464438218,4085.3513
1412,1,1464438220,4084.4114
1413,1,1464438221,4085.0935
1414,1,1464438223,4084.256
1415,1,1464438224,4084.4932
1416,1,1464438226,4084.0225
1417,1,1464438227,4084.234
1418,1,1464438229,4083.6711
1419,1,1464438230,4083.7314
1420,1,1464438232,4085.3218
1421,1,1464438233,4084.4048
1422,1,1464438235,4083.7603
1423,1,1464438236,4084.7192
1424,1,1464438237,4083.898
1425,1,1464438239,4084.8928
1426,1,1464438240,4084.8455
1427,1,1464438242,4082.3313
1428,1,1464438243,4084.7595
1429,1,1464438245,4084.2134
1430,1,1464438246,4083.626
1431,1,1464438248,4082.359
1432,1,1464438249,4083.4158
1433,1,1464438251,4081.8208
1434,1,1464438252,4082.1013
1435,1,1464438253,4083.1182
1436,1,1464438255,4083.4385
1437,1,1464438256,4081.5552
1438,1,1464438258,4084.3386
1439,1,1464438259,4082.8835
1440,1,1464438261,4083.5383
1441,1,1464438262,4081.036
1442,1,1464438264,4080.537
1443,1,1464438265,4080.37
1444,1,1464438267,4078.875
1445,1,1464438268,4079.2004
1446,1,1464438269,4081.1235
1447,1,1464438271,4080.5608
1448,1,1464438272,4081.7017
1449,1,1464438274,4080.866
1450,1,1464438275,4079.377
1451,1,1464438277,4079.7139
1452,1,1464438278,4080.328
1453,1,1464438280,4079.8357
1454,1,1464438281,4082.238
1455,1,1464438283,4084.7544
1456,1,1464438284,4088.0637
1457,1,1464438286,4087.2754
1458,1,1464438287,4085.4421
1459,1,1464438288,4082.478
1460,1,1464438290,4082.5586
1461,1,1464438291,4083.1177
1462,1,1464438293,4084.141
1463,1,1464438294,4087.03
1464,1,1464438296,4085.6409
1465,1,1464438297,4084.7964
1466,1,1464438299,4083.7861
1467,1,1464438300,4082.5503
1468,1,1464438302,4083.492
1469,1,1464438303,4081.0247
1470,1,1464438304,4081.78
1471,1,1464438306,4080.1462
1472,1,1464438307,4080.4333
1473,1,1464438309,4079.5503
1474,1,1464438310,4081.5042
1475,1,1464438312,4082.1492
1476,1,1464438313,4079.5315
1477,1,1464438315,4081.4158
1478,1,1464438316,4080.1318
1479,1,1464438318,4078.3975
1480,1,1464438319,4081.3516
1481,1,1464438320,4079.0215
1482,1,1464438322,4081.7627
1483,1,1464438323,4082.3206
1484,1,1464438325,4081.017
1485,1,1464438326,4081.0913
1486,1,1464438328,4080.0513
1487,1,1464438329,4081.792
1488,1,1464438331,4082.2153
1489,1,1464438332,4081.3333
1490,1,1464438334,4083.6057
1491,1,1464438335,4082.9006
1492,1,1464438336,4082.8135
1493,1,1464438338,4082.7878
1494,1,1464438339,4083.8699
1495,1,1464438341,4082.875
1496,1,1464438342,4083.6096
1497,1,1464438344,4082.833
1498,1,1464438345,4083.45
1499,1,1464438347,4083.738
1500,1,1464438348,4084.4119
1501,1,1464438350,4082.2412
1502,1,1464438351,4084.9927
1503,1,1464438353,4082.344
1504,1,1464438354,4083.3467
1505,1,1464438355,4082.9675
1506,1,1464438357,4082.0251
1507,1,1464438358,4081.149
1508,1,1464438360,4084.877
1509,1,1464438361,4082.6377
1510,1,1464438363,4080.6526
1511,1,1464438364,4081.4822
1512,1,1464438366,4081.4526
1513,1,1464438367,4081.5393
1514,1,1464438369,4083.1448
1515,1,1464438370,4082.0586
1516,1,1464438371,4082.8315
1517,1,1464438373,4081.072
1518,1,1464438374,4082.2288
1519,1,1464438376,4081.601
1520,1,1464438377,4080.7852
1521,1,1464438379,4081.5977
1522,1,1464438380,4081.3184
1523,1,1464438382,4083.1272
1524,1,1464438383,4083.541
1525,1,1464438385,4082.141
1526,1,1464438386,4081.2844
1527,1,1464438387,4082.8706
1528,1,1464438389,4081.4863
1529,1,1464438390,4080.763
1530,1,1464438392,4081.9292
1531,1,1464438393,4081.8901
1532,1,1464438395,4081.995
1533,1,1464438396,4082.254
1534,1,1464438398,4084.3464
1535,1,1464438399,4083.0527
1536,1,1464438401,4082.9272
1537,1,1464438402,4081.2502
1538,1,1464438404,4082.338
1539,1,1464438405,4082.3894
1540,1,1464438406,4082.1885
1541,1,1464438408,4081.5625
1542,1,1464438409,4083.5576
1543,1,1464438411,4081.117
1544,1,1464438412,4080.3933
1545,1,1464438414,4080.9282
1546,1,1464438415,4079.835
1547,1,1464438417,4081.7043
1548,1,1464438418,4081.3613
1549,1,1464438420,4081.0225
1550,1,1464438421,4082.3098
1551,1,1464438422,4081.1028
1552,1,1464438424,4079.6636
1553,1,1464438425,4079.8691
1554,1,1464438427,4080.4438
1555,1,1464438430,4080.1455
1556,1,1464438431,4078.786
1557,1,1464438433,4079.6455
1558,1,1464438434,4079.8538
1559,1,1464438436,4080.0366
1560,1,1464438437,4079.7246
1561,1,1464438438,4076.843
1562,1,1464438440,4078.118
1563,1,1464438441,4079.0117
1564,1,1464438443,4079.3157
1565,1,1464438444,4077.3037
1566,1,1464438446,4079.799
1567,1,1464438447,4077.1204
1568,1,1464438449,4078.4983
1569,1,1464438450,4080.1191
1570,1,1464438452,4080.7231
1571,1,1464438453,4078.8323
1572,1,1464438455,4078.4534
1573,1,1464438456,4077.675
1574,1,1464438457,4079.2566
1575,1,1464438459,4079.1763
1576,1,1464438460,4079.7664
1577,1,1464438462,4077.426
1578,1,1464438463,4078.8098
1579,1,1464438465,4079.5762
1580,1,1464438466,4078.0684
1581,1,1464438468,4079.4731
1582,1,1464438469,4078.8599
1583,1,1464438471,4079.309
1584,1,1464438472,4077.0098
1585,1,1464438473,4078.7969
1586,1,1464438475,4077.8035
1587,1,1464438476,4076.9756
1588,1,1464438478,4077.273
1589,1,1464438479,4078.5232
1590,1,1464438481,4076.4243
1591,1,1464438482,4076.5928
1592,1,1464438484,4078.7595
1593,1,1464438485,4077.8247
1594,1,1464438487,4074.5552
1595,1,1464438488,4076.9995
1596,1,1464438489,4076.594
1597,1,1464438491,4076.0671
1598,1,1464438492,4075.1958
1599,1,1464438494,4075.7737
1600,1,1464438495,4076.8857
1601,1,1464438497,4076.1838
1602,1,1464438498,4074.9556
1603,1,1464438500,4075.1448
1604,1,1464438501,4075.3628
1605,1,1464438503,4075.8232
1606,1,1464438504,4076.862
1607,1,1464438505,4075.9446
1608,1,1464438507,4074.5266
1609,1,1464438508,4075.367
1610,1,1464438510,4074.977
1611,1,1464438511,4075.3826
1612,1,1464438513,4076.0015
1613,1,1464438514,4073.7024
1614,1,1464438516,4074.8687
1615,1,1464438517,4073.6807
1616,1,1464438519,4074.359
1617,1,1464438520,4074.8916
1618,1,1464438522,4074.117
1619,1,1464438523,4072.6675
1620,1,1464438524,4074.6958
1621,1,1464438526,4074.1018
1622,1,1464438527,4072.6812
1623,1,1464438529,4073.2007
1624,1,1464438530,4072.2297
1625,1,1464438532,4072.3638
1626,1,1464438533,4071.0955
1627,1,1464438535,4071.3667
1628,1,1464438536,4072.9958
1629,1,1464438538,4071.8037
1630,1,1464438539,4072.5957
1631,1,1464438540,4071.7263
1632,1,1464438542,4072.3035
1633,1,1464438543,4070.74
1634,1,1464438545,4072.0593
1635,1,1464438546,4071.8865
1636,1,1464438548,4071.5396
1637,1,1464438549,4071.4412
1638,1,1464438551,4070.9363
1639,1,1464438552,4070.0715
1640,1,1464438554,4070.701
1641,1,1464438555,4070.8728
1642,1,1464438556,4069.1184
1643,1,1464438558,4069.4248
1644,1,1464438559,4068.8765
1645,1,1464438561,4068.228
1646,1,1464438562,4069.4434
1647,1,1464438564,4068.9646
1648,1,1464438565,4068.2415
1649,1,1464438567,4068.7793
1650,1,1464438568,4068.2
1651,1,1464438570,4067.4795
1652,1,1464438571,4067.3862
1653,1,1464438573,4066.3975
1654,1,1464438574,4066.2305
1655,1,1464438575,4066.0164
1656,1,1464438577,4066.1633
1657,1,1464438578,4067.4966
1658,1,1464438580,4065.765
1659,1,1464438581,4064.6816
1660,1,1464438583,4064.541
1661,1,1464438584,4065.8816
1662,1,1464438586,4065.9058
1663,1,1464438587,4064.1584
1664,1,1464438589,4064.2495
1665,1,1464438590,4064.586
1666,1,1464438591,4063.8953
1667,1,1464438593,4064.3774
1668,1,1464438594,4064.7979
1669,1,1464438596,4064.2122
1670,1,1464438597,4063.458
1671,1,1464438599,4065.1704
1672,1,1464438600,4063.2925
1673,1,1464438602,4064.443
1674,1,1464438603,4063.3845
1675,1,1464438605,4064.7927
1676,1,1464438606,4063.2363
1677,1,1464438607,4063.872
1678,1,1464438609,4060.3833
1679,1,1464438610,4062.1177
1680,1,1464438612,4062.8872
1681,1,1464438613,4063.7856
1682,1,1464438615,4063.2622
1683,1,1464438616,4064.2014
1684,1,1464438618,4063.4019
1685,1,1464438619,4063.551
1686,1,1464438621,4062.2031
1687,1,1464438622,4062.7527
1688,1,1464438624,4063.7312
1689,1,1464438625,4062.529
1690,1,1464438626,4061.5842
1691,1,1464438628,4061.6008
1692,1,1464438629,4062.7107
1693,1,1464438631,4062.7393
1694,1,1464438632,4063.2288
1695,1,1464438634,4062.783
1696,1,1464438635,4064.1091
1697,1,1464438637,4062.0254
1698,1,1464438638,4061.6958
1699,1,1464438640,4060.3376
1700,1,1464438641,4063.3228
1701,1,1464438642,4061.697
1702,1,1464438644,4063.2437
1703,1,1464438645,4060.5396
1704,1,1464438647,4061.965
1705,1,1464438648,4060.0225
1706,1,1464438650,4062.682
1707,1,1464438651,4062.7822
1708,1,1464438653,4061.3083
1709,1,1464438654,4062.7742
1710,1,1464438656,4062.7856
1711,1,1464438657,4061.4712
1712,1,1464438658,4062.4182
1713,1,1464438660,4061.588
1714,1,1464438661,4061.0085
1715,1,1464438663,4062.2366
1716,1,1464438664,4062.4885
1717,1,1464438666,4059.9087
1718,1,1464438667,4060.9448
1719,1,1464438669,4060.4285
1720,1,1464438670,4062.0095
1721,1,1464438672,4060.423
1722,1,1464438673,4060.8074
1723,1,1464438675,4060.063
1724,1,1464438676,4061.8687
1725,1,1464438677,4061.2092
1726,1,1464438679,4061.334
1727,1,1464438680,4061.1792
1728,1,1464438682,4061.1384
1729,1,1464438683,4061.9714
1730,1,1464438685,4062.2542
1731,1,1464438686,4061.0222
1732,1,1464438688,4060.9106
1733,1,1464438689,4063.1526
1734,1,1464438691,4060.9333
1735,1,1464438692,4062.2104
1736,1,1464438693,4060.7444
1737,1,1464438695,4061.1606
1738,1,1464438696,4061.2573
1739,1,1464438698,4060.9736
1740,1,1464438699,4060.443
1741,1,1464438701,4060.9941
1742,1,1464438702,4058.6123
1743,1,1464438704,4059.937
1744,1,1464438705,4060.4092
1745,1,1464438707,4061.1187
1746,1,1464438708,4058.6785
1747,1,1464438709,4058.0906
1748,1,1464438711,4057.5317
1749,1,1464438712,4058.8137
1750,1,1464438714,4058.8328
1751,1,1464438715,4059.1865
1752,1,1464438717,4057.6345
1753,1,1464438718,4057.6548
1754,1,1464438720,4056.8708
1755,1,1464438721,4057.4424
1756,1,1464438723,4056.3525
1757,1,1464438724,4057.7788
1758,1,1464438725,4057.0376
1759,1,1464438727,4055.137
1760,1,1464438728,4055.8967
1761,1,1464438730,4056.102
1762,1,1464438731,4056.8574
1763,1,1464438733,4056.1113
1764,1,1464438734,4055.7527
1765,1,1464438736,4056.4363
1766,1,1464438737,4056.3157
1767,1,1464438739,4056.6147
1768,1,1464438740,4056.0347
1769,1,1464438742,4055.5618
1770,1,1464438743,4056.7256
1771,1,1464438744,4055.2136
1772,1,1464438746,4055.6726
1773,1,1464438747,4056.1707
1774,1,1464438749,4054.7214
1775,1,1464438750,4056.0603
1776,1,1464438752,4054.463
1777,1,1464438753,4054.6858
1778,1,1464438755,4054.777
1779,1,1464438756,4054.4854
1780,1,1464438758,4055.5427
1781,1,1464438759,4055.6152
1782,1,1464438760,4054.2427
1783,1,1464438762,4054.4705
1784,1,1464438763,4053.9841
1785,1,1464438765,4054.2925
1786,1,1464438766,4056.2363
1787,1,1464438768,4055.2837
1788,1,1464438769,4053.873
1789,1,1464438771,4055.079
1790,1,1464438772,4055.2317
1791,1,1464438774,4055.7085
1792,1,1464438775,4053.4263
1793,1,1464438776,4054.4673
1794,1,1464438778,4053.659
1795,1,1464438779,4053.1519
1796,1,1464438781,4052.8394
1797,1,1464438782,4052.148
1798,1,1464438784,4053.4978
1799,1,1464438785,4052.498
1800,1,1464438787,4052.303
1801,1,1464438788,4051.515
1802,1,1464438790,4052.4802
1803,1,1464438791,4053.087
1804,1,1464438793,4050.783
1805,1,1464438794,4051.4912
1806,1,1464438795,4053.0076
1807,1,1464438797,4050.3557
1808,1,1464438798,4050.6914
1809,1,1464438800,4051.377
1810,1,1464438801,4050.9766
1811,1,1464438803,4052.163
1812,1,1464438804,4051.3262
1813,1,1464438806,4050.8552
1814,1,1464438807,4050.3774
1815,1,1464438809,4050.172
1816,1,1464438810,4050.2346
1817,1,1464438811,4049.053
1818,1,1464438813,4050.2812
1819,1,1464438814,4048.6897
1820,1,1464438816,4048.6323
1821,1,1464438817,4048.084
1822,1,1464438819,4048.0042
1823,1,1464438820,4047.8455
1824,1,1464438822,4047.997
1825,1,1464438823,4048.1436
1826,1,1464438825,4049.7
1827,1,1464438826,4049.4482
1828,1,1464438827,4047.1562
1829,1,1464438829,4047.4404
1830,1,1464438830,4047.4792
1831,1,1464438832,4046.697
1832,1,1464438833,4047.217
1833,1,1464438835,4047.3167
1834,1,1464438836,4047.7092
1835,1,1464438838,4046.663
1836,1,1464438839,4047.1333
1837,1,1464438841,4045.2517
1838,1,1464438842,4045.5386
1839,1,1464438844,4045.4497
1840,1,1464438845,4045.9358
1841,1,1464438846,4045.8796
1842,1,1464438848,4045.4517
1843,1,1464438849,4046.4502
1844,1,1464438851,4047.3257
1845,1,1464438852,4047.8215
1846,1,1464438854,4046.5332
1847,1,1464438855,4045.6807
1848,1,1464438857,4045.941
1849,1,1464438858,4045.9653
1850,1,1464438860,4046.6545
1851,1,1464438861,4045.8496
1852,1,1464438862,4045.8813
1853,1,1464438864,4044.6519
1854,1,1464438865,4044.6963
1855,1,1464438867,4040.4346
1856,1,1464438868,4034.2822
1857,1,1464438870,4035.5251
1858,1,1464438871,4038.5955
1859,1,1464438873,4042.7205
1860,1,1464438874,4040.5144
1861,1,1464438876,4040.1643
1862,1,1464438877,4039.8716
1863,1,1464438878,4040.1992
1864,1,1464438880,4039.1453
1865,1,1464438881,4041.7756
1866,1,1464438883,4039.999
1867,1,1464438884,4040.277
1868,1,1464438886,4039.0115
1869,1,1464438887,4039.9568
1870,1,1464438889,4038.602
1871,1,1464438890,4041.4282
1872,1,1464438892,4041.3728
1873,1,1464438893,4041.1213
1874,1,1464438894,4040.6921
1875,1,1464438896,4041.4897
1876,1,1464438897,4041.908
1877,1,1464438899,4041.2722
1878,1,1464438900,4042.9448
1879,1,1464438902,4043.5474
1880,1,1464438903,4043.9797
1881,1,1464438905,4044.4968
1882,1,1464438906,4044.8245
1883,1,1464438908,4047.499
1884,1,1464438909,4045.747
1885,1,1464438911,4045.658
1886,1,1464438912,4046.1306
1887,1,1464438913,4044.6655
1888,1,1464438915,4047.7856
1889,1,1464438916,4048.7463
1890,1,1464438918,4048.6765
1891,1,1464438919,4049.3928
1892,1,1464438921,4050.3743
1893,1,1464438922,4048.825
1894,1,1464438924,4048.7664
1895,1,1464438925,4050.1091
1896,1,1464438927,4050.6719
1897,1,1464438928,4051.8164
1898,1,1464438929,4051.7466
1899,1,1464438931,4053.4163
1900,1,1464438932,4051.1855
1901,1,1464438934,4049.4187
1902,1,1464438935,4050.6448
1903,1,1464438937,4049.1687
1904,1,1464438938,4049.4343
1905,1,1464438940,4049.1753
1906,1,1464438941,4048.8062
1907,1,1464438943,4046.6301
1908,1,1464438944,4048.5042
1909,1,1464438945,4049.3142
1910,1,1464438947,4046.713
1911,1,1464438948,4046.5999
1912,1,1464438950,4046.0403
1913,1,1464438951,4046.2761
1914,1,1464438953,4043.4011
1915,1,1464438954,4043.2932
1916,1,1464438956,4044.1265
1917,1,1464438957,4043.7434
1918,1,1464438959,4043.2817
1919,1,1464438960,4043.0508
1920,1,1464438962,4042.9683
1921,1,1464438963,4044.0168
1922,1,1464438964,4043.001
1923,1,1464438966,4044.7705
1924,1,1464438967,4040.9487
1925,1,1464438969,4041.776
1926,1,1464438970,4042.261
1927,1,1464438972,4040.826
1928,1,1464438973,4043.3442
1929,1,1464438975,4043.5994
1930,1,1464438976,4042.567
1931,1,1464438978,4042.4902
1932,1,1464438979,4043.6238
1933,1,1464438980,4041.0352
1934,1,1464438982,4043.106
1935,1,1464438983,4043.708
1936,1,1464438985,4043.6956
1937,1,1464438986,4038.1997
1938,1,1464438988,4037.3555
1939,1,1464438989,4037.7456
1940,1,1464438991,4039.3938
1941,1,1464438992,4046.157
1942,1,1464438994,4045.9026
1943,1,1464438995,4044.0142
1944,1,1464438996,4041.787
1945,1,1464438998,4037.85
1946,1,1464438999,4038.9988
1947,1,1464439001,4037.844
1948,1,1464439002,4043.3096
1949,1,1464439004,4040.5127
1950,1,1464439005,4038.5183
1951,1,1464439007,4035.3818
1952,1,1464439008,4036.6055
1953,1,1464439010,4038.1694
1954,1,1464439011,4038.9663
1955,1,1464439013,4039.2878
1956,1,1464439014,4038.74
1957,1,1464439015,4039.7473
1958,1,1464439017,4038.4111
1959,1,1464439018,4042.7988
1960,1,1464439020,4042.4695
1961,1,1464439021,4045.0718
1962,1,1464439023,4042.971
1963,1,1464439024,4043.682
1964,1,1464439026,4044.6538
1965,1,1464439027,4043.1216
1966,1,1464439029,4041.5742
1967,1,1464439030,4043.6497
1968,1,1464439031,4044.4124
1969,1,1464439033,4043.2148
1970,1,1464439034,4043.7903
1971,1,1464439036,4044.9858
1972,1,1464439037,4041.766
1973,1,1464439039,4044.0393
1974,1,1464439040,4043.2126
1975,1,1464439042,4042.3257
1976,1,1464439043,4041.3745
1977,1,1464439045,4042.4436
1978,1,1464439046,4043.2659
1979,1,1464439047,4042.6135
1980,1,1464439049,4041.9194
1981,1,1464439050,4041.3115
1982,1,1464439052,4042.6394
1983,1,1464439053,4043.0767
1984,1,1464439055,4041.781
1985,1,1464439056,4042.1765
1986,1,1464439058,4043.033
1987,1,1464439059,4041.6062
1988,1,1464439061,4040.4302
1989,1,1464439062,4041.1167
1990,1,1464439065,4041.3054
1991,1,1464439066,4040.1975
1992,1,1464439068,4041.0579
1993,1,1464439069,4040.217
1994,1,1464439071,4039.3386
1995,1,1464439072,4040.6128
1996,1,1464439074,4041.0403
1997,1,1464439075,4039.699
1998,1,1464439077,4038.7395
1999,1,1464439078,4037.2473
2000,1,1464439080,4038.82
2001,1,1464439081,4036.4526
2002,1,1464439082,4038.328
2003,1,1464439084,4037.6807
2004,1,1464439085,4038.2705
2005,1,1464439087,4039.0598
2006,1,1464439088,4037.5793
2007,1,1464439090,4038.3677
2008,1,1464439091,4036.9668
2009,1,1464439093,4035.3433
2010,1,1464439094,4035.7966
2011,1,1464439096,4035.2559
2012,1,1464439097,4035.8596
2013,1,1464439098,4036.8643
2014,1,1464439100,4036.29
2015,1,1464439101,4035.5764
2016,1,1464439103,4036.9536
2017,1,1464439104,4036.9807
2018,1,1464439106,4035.7078
2019,1,1464439107,4035.831
2020,1,1464439109,4036.3848
2021,1,1464439110,4035.2236
2022,1,1464439112,4035.823
2023,1,1464439113,4037.3003
2024,1,1464439114,4034.6985
2025,1,1464439116,4037.0342
2026,1,1464439117,4036.2612
2027,1,1464439119,4036.7031
2028,1,1464439120,4035.1555
2029,1,1464439122,4033.6663
2030,1,1464439123,4034.988
2031,1,1464439125,4033.856
2032,1,1464439126,4033.5593
2033,1,1464439128,4034.0962
2034,1,1464439129,4034.5798
2035,1,1464439131,4034.5286
2036,1,1464439132,4035.207
2037,1,1464439133,4034.3643
2038,1,1464439135,4033.8696
2039,1,1464439136,4035.3289
2040,1,1464439138,4033.9534
2041,1,1464439139,4035.9578
2042,1,1464439141,4034.5088
2043,1,1464439142,4033.1912
2044,1,1464439144,4033.5083
2045,1,1464439145,4032.9678
2046,1,1464439147,4032.049
2047,1,1464439148,4034.3833
2048,1,1464439149,4032.936
2049,1,1464439151,4033.8655
2050,1,1464439152,4031.5396
2051,1,1464439154,4032.5427
2052,1,1464439155,4033.004
2053,1,1464439157,4033.3213
2054,1,1464439158,4034.658
2055,1,1464439160,4033.9736
2056,1,1464439161,4032.5122
2057,1,1464439163,4033.0415
2058,1,1464439164,4032.567
2059,1,1464439165,4031.3054
2060,1,1464439167,4034.6487
2061,1,1464439168,4032.2886
2062,1,1464439170,4033.0989
2063,1,1464439171,4032.0386
2064,1,1464439173,4032.1792
2065,1,1464439174,4032.1003
2066,1,1464439176,4032.201
2067,1,1464439177,4032.7192
2068,1,1464439179,4033.0999
2069,1,1464439180,4032.6543
2070,1,1464439182,4032.47
2071,1,1464439183,4031.3481
2072,1,1464439188,4032.1277
2073,1,1464439189,4030.7698
2074,1,1464439190,4034.3335
2075,1,1464439192,4031.7905
2076,1,1464439193,4032.9922
2077,1,1464439195,4030.9795
2078,1,1464439196,4031.386
2079,1,1464439198,4029.1606
2080,1,1464439199,4032.2983
2081,1,1464439200,4031.2144
2082,1,1464439202,4030.838
2083,1,1464439203,4029.5566
2084,1,1464439205,4028.8586
2085,1,1464439206,4031.224
2086,1,1464439208,4031.5378
2087,1,1464439209,4032.5105
2088,1,1464439211,4029.6177
2089,1,1464439212,4030.794
2090,1,1464439214,4029.9832
2091,1,1464439215,4029.809
2092,1,1464439216,4030.8333
2093,1,1464439218,4030.3936
2094,1,1464439219,4029.4883
2095,1,1464439221,4028.927
2096,1,1464439222,4029.0662
2097,1,1464439224,4029.283
2098,1,1464439225,4028.8904
2099,1,1464439227,4029.9995
2100,1,1464439228,4026.76
2101,1,1464439230,4027.5054
2102,1,1464439231,4028.682
2103,1,1464439232,4028.5518
2104,1,1464439234,4026.9177
2105,1,1464439235,4026.7026
2106,1,1464439237,4029.65
2107,1,1464439238,4028.3142
2108,1,1464439240,4027.5056
2109,1,1464439241,4028.6965
2110,1,1464439243,4028.6138
2111,1,1464439244,4026.7817
2112,1,1464439246,4026.2515
2113,1,1464439247,4025.5745
2114,1,1464439249,4026.185
2115,1,1464439250,4026.9697
2116,1,1464439251,4025.5305
2117,1,1464439253,4026.3447
2118,1,1464439254,4025.5222
2119,1,1464439256,4026.4536
2120,1,1464439257,4026.5166
2121,1,1464439259,4025.3433
2122,1,1464439260,4024.8257
2123,1,1464439262,4026.9104
2124,1,1464439263,4025.5955
2125,1,1464439265,4025.5054
2126,1,1464439266,4025.7266
2127,1,1464439267,4025.3904
2128,1,1464439269,4025.6135
2129,1,1464439270,4024.0366
2130,1,1464439272,4025.4426
2131,1,1464439273,4025.3293
2132,1,1464439275,4024.0154
2133,1,1464439276,4023.1848
2134,1,1464439278,4023.2283
2135,1,1464439279,4023.1765
2136,1,1464439281,4024.3662
2137,1,1464439282,4024.8335
2138,1,1464439283,4022.7793
2139,1,1464439285,4022.183
2140,1,1464439286,4023.5032
2141,1,1464439288,4023.384
2142,1,1464439289,4024.1824
2143,1,1464439291,4023.664
2144,1,1464439292,4024.8645
2145,1,1464439294,4015.4636
2146,1,1464439295,4014.809
2147,1,1464439297,4011.833
2148,1,1464439298,4013.0703
2149,1,1464439300,4017.7434
2150,1,1464439301,4016.2107
2151,1,1464439302,4018.862
2152,1,1464439304,4017.5862
2153,1,1464439305,4016.5178
2154,1,1464439307,4015.187
2155,1,1464439308,4016.5398
2156,1,1464439310,4017.2876
2157,1,1464439311,4016.2046
2158,1,1464439313,4017.5657
2159,1,1464439314,4017.0654
2160,1,1464439316,4018.186
2161,1,1464439317,4019.9956
2162,1,1464439318,4018.4126
2163,1,1464439320,4019.3755
2164,1,1464439321,4020.9597
2165,1,1464439323,4020.8174
2166,1,1464439324,4023.6985
2167,1,1464439326,4022.0635
2168,1,1464439327,4022.675
2169,1,1464439329,4023.5583
2170,1,1464439330,4022.6106
2171,1,1464439332,4022.412
2172,1,1464439333,4022.3364
2173,1,1464439334,4022.0574
2174,1,1464439336,4022.4724
2175,1,1464439337,4023.2427
2176,1,1464439339,4023.3757
2177,1,1464439340,4025.1936
2178,1,1464439342,4027.2412
2179,1,1464439343,4029.8774
2180,1,1464439345,4028.9238
2181,1,1464439346,4028.9514
2182,1,1464439348,4028.52
2183,1,1464439349,4030.5957
2184,1,1464439351,4027.3015
2185,1,1464439352,4027.413
2186,1,1464439353,4027.1235
2187,1,1464439355,4031.8604
2188,1,1464439356,4029.385
2189,1,1464439358,4030.5286
2190,1,1464439359,4027.7913
2191,1,1464439361,4028.3782
2192,1,1464439362,4027.4602
2193,1,1464439364,4026.7766
2194,1,1464439365,4026.7673
2195,1,1464439367,4025.658
2196,1,1464439368,4026.2017
2197,1,1464439369,4023.0847
2198,1,1464439371,4021.2334
2199,1,1464439372,4020.8442
2200,1,1464439374,4021.0645
2201,1,1464439375,4021.2131
2202,1,1464439377,4019.8423
2203,1,1464439378,4017.1484
2204,1,1464439380,4018.5486
2205,1,1464439381,4018.1013
2206,1,1464439383,4017.845
2207,1,1464439384,4022.9797
2208,1,1464439385,4021.731
2209,1,1464439387,4018.4402
2210,1,1464439388,4020.2166
2211,1,1464439390,4017.6018
2212,1,1464439391,4019.1733
2213,1,1464439393,4018.3154
2214,1,1464439394,4022.2708
2215,1,1464439396,4021.0295
2216,1,1464439397,4021.7632
2217,1,1464439399,4020.7734
2218,1,1464439400,4021.4402
2219,1,1464439402,4022.5645
2220,1,1464439403,4019.441
2221,1,1464439404,4022.1558
2222,1,1464439406,4024.6218
2223,1,1464439407,4022.9905
2224,1,1464439409,4023.748
2225,1,1464439410,4023.18
2226,1,1464439412,4022.642
2227,1,1464439413,4024.4785
2228,1,1464439415,4021.0918
2229,1,1464439416,4021.759
2230,1,1464439418,4022.9402
2231,1,1464439419,4023.0728
2232,1,1464439420,4021.9146
2233,1,1464439422,4021.1423
2234,1,1464439423,4021.9404
2235,1,1464439425,4023.1804
2236,1,1464439426,4020.9302
2237,1,1464439428,4021.4932
2238,1,1464439429,4022.0627
2239,1,1464439431,4021.379
2240,1,1464439432,4023.3293
2241,1,1464439434,4023.635
2242,1,1464439435,4025.0742
2243,1,1464439436,4022.288
2244,1,1464439438,4021.7988
2245,1,1464439439,4021.7612
2246,1,1464439441,4021.1052
2247,1,1464439442,4021.2212
2248,1,1464439444,4021.8955
2249,1,1464439445,4023.9746
2250,1,1464439447,4022.8633
2251,1,1464439448,4020.9055
2252,1,1464439450,4020.1553
2253,1,1464439451,4020.159
2254,1,1464439452,4021.219
2255,1,1464439454,4021.861
2256,1,1464439455,4020.455
2257,1,1464439457,4023.3137
2258,1,1464439458,4022.943
2259,1,1464439460,4020.7493
2260,1,1464439461,4020.9233
2261,1,1464439463,4022.2202
2262,1,1464439464,4019.146
2263,1,1464439466,4018.994
2264,1,1464439467,4019.5884
2265,1,1464439469,4021.9956
2266,1,1464439470,4022.1272
2267,1,1464439471,4018.2026
2268,1,1464439473,4017.928
2269,1,1464439474,4018.464
2270,1,1464439476,4020.7668
2271,1,1464439477,4020.2156
2272,1,1464439479,4021.7346
2273,1,1464439480,4017.743
2274,1,1464439482,4020.8323
2275,1,1464439483,4017.6067
2276,1,1464439485,4012.287
2277,1,1464439486,4009.4507
2278,1,1464439487,4008.2078
2279,1,1464439489,4013.8765
2280,1,1464439490,4016.0122
2281,1,1464439492,4014.3267
2282,1,1464439493,4014.5852
2283,1,1464439495,4013.7996
2284,1,1464439496,4014.1626
2285,1,1464439498,4013.6855
2286,1,1464439499,4013.1501
2287,1,1464439501,4012.8623
2288,1,1464439502,4012.8591
2289,1,1464439503,4011.1936
2290,1,1464439505,4012.3008
2291,1,1464439506,4011.5493
2292,1,1464439508,4012.543
2293,1,1464439509,4014.1948
2294,1,1464439511,4013.916
2295,1,1464439512,4011.651
2296,1,1464439514,4013.4062
2297,1,1464439515,4013.5137
2298,1,1464439517,4011.9187
2299,1,1464439518,4012.6423
2300,1,1464439520,4012.3982
2301,1,1464439521,4015.0293
2302,1,1464439522,4013.7715
2303,1,1464439524,4014.6672
2304,1,1464439525,4015.6592
2305,1,1464439527,4015.948
2306,1,1464439528,4015.2144
2307,1,1464439530,4015.4358
2308,1,1464439531,4016.2517
2309,1,1464439533,4015.1072
2310,1,1464439534,4016.3862
2311,1,1464439536,4015.53
2312,1,1464439537,4015.8354
2313,1,1464439538,4014.7722
2314,1,1464439540,4015.057
2315,1,1464439541,4015.7527
2316,1,1464439543,4014.4463
2317,1,1464439544,4014.5215
2318,1,1464439546,4014.132
2319,1,1464439547,4013.033
2320,1,1464439549,4012.6562
2321,1,1464439550,4013.9397
2322,1,1464439552,4012.3145
2323,1,1464439553,4013.9922
2324,1,1464439554,4013.1257
2325,1,1464439556,4015.629
2326,1,1464439557,4013.4724
2327,1,1464439559,4010.9158
2328,1,1464439560,4013.2007
2329,1,1464439562,4014.3186
2330,1,1464439563,4014.206
2331,1,1464439565,4014.6934
2332,1,1464439566,4013.9055
2333,1,1464439568,4013.7417
2334,1,1464439569,4013.9966
2335,1,1464439571,4015.1638
2336,1,1464439572,4017.5342
2337,1,1464439573,4016.8745
2338,1,1464439575,4017.354
2339,1,1464439576,4019.066
2340,1,1464439578,4015.99
2341,1,1464439579,4018.32
2342,1,1464439581,4017.2214
2343,1,1464439582,4020.6426
2344,1,1464439584,4021.9536
2345,1,1464439585,4019.969
2346,1,1464439587,4020.7192
2347,1,1464439588,4018.7065
2348,1,1464439589,4018.7507
2349,1,1464439591,4018.5632
2350,1,1464439592,4018.5713
2351,1,1464439594,4017.4302
2352,1,1464439595,4018.2805
2353,1,1464439597,4017.8054
2354,1,1464439598,4015.6985
2355,1,1464439600,4017.4795
2356,1,1464439601,4015.9678
2357,1,1464439603,4015.4683
2358,1,1464439604,4013.3494
2359,1,1464439605,4011.7307
2360,1,1464439607,4011.2693
2361,1,1464439608,4010.117
2362,1,1464439610,4011.4773
2363,1,1464439611,4009.3755
2364,1,1464439613,4010.4485
2365,1,1464439614,4010.6614
2366,1,1464439616,4010.1619
2367,1,1464439617,4010.142
2368,1,1464439619,4008.1409
2369,1,1464439620,4009.3374
2370,1,1464439622,4007.0935
2371,1,1464439623,4008.3699
2372,1,1464439624,4007.0928
2373,1,1464439626,4010.5847
2374,1,1464439627,4008.004
2375,1,1464439629,4009.1313
2376,1,1464439630,4010.3386
2377,1,1464439632,4010.801
2378,1,1464439633,4011.8645
2379,1,1464439635,4010.9502
2380,1,1464439636,4009.2734
2381,1,1464439638,4010.8752
2382,1,1464439639,4010.8662
2383,1,1464439640,4013.321
2384,1,1464439642,4011.1929
2385,1,1464439643,4012.111
2386,1,1464439645,4012.3064
2387,1,1464439646,4010.4194
2388,1,1464439648,4010.975
2389,1,1464439649,4010.877
2390,1,1464439651,4011.0337
2391,1,1464439652,4011.884
2392,1,1464439654,4010.647
2393,1,1464439655,4011.9468
2394,1,1464439656,4011.7192
2395,1,1464439658,4012.3188
2396,1,1464439659,4011.716
2397,1,1464439661,4008.288
2398,1,1464439662,4007.9094
2399,1,1464439664,4009.8606
2400,1,1464439665,4009.4536
2401,1,1464439667,4001.7727
2402,1,1464439668,3997.3296
2403,1,1464439670,3993.0723
2404,1,1464439671,3995.8723
2405,1,1464439672,4002.5664
2406,1,1464439674,4002.0002
2407,1,1464439675,4001.0984
2408,1,1464439677,4001.8545
2409,1,1464439678,4002.4324
2410,1,1464439680,4003.455
2411,1,1464439681,4003.1072
2412,1,1464439683,4005.7825
2413,1,1464439684,4005.4758
2414,1,1464439686,4011.8533
2415,1,1464439687,4010.556
2416,1,1464439689,4008.2642
2417,1,1464439690,4002.8284
2418,1,1464439691,4008.6326
2419,1,1464439693,4007.516
2420,1,1464439694,4009.9443
2421,1,1464439696,4011.2708
2422,1,1464439697,4010.9563
2423,1,1464439699,4010.409
2424,1,1464439700,4009.4902
2425,1,1464439702,4010.4795
2426,1,1464439703,4011.5498
2427,1,1464439705,4014.3506
2428,1,1464439706,4011.8237
2429,1,1464439707,4010.4268
2430,1,1464439709,4012.333
2431,1,1464439710,4013.229
2432,1,1464439712,4011.4727
2433,1,1464439713,4011.6748
2434,1,1464439715,4011.645
2435,1,1464439716,4012.83
2436,1,1464439718,4010.632
2437,1,1464439719,4010.8667
2438,1,1464439721,4010.9336
2439,1,1464439722,4011.3313
2440,1,1464439723,4010.6648
2441,1,1464439725,4008.1692
2442,1,1464439726,4010.239
2443,1,1464439728,4007.6697
2444,1,1464439729,4007.3206
2445,1,1464439731,4009.483
2446,1,1464439732,4008.991
2447,1,1464439734,4009.9282
2448,1,1464439735,4009.5105
2449,1,1464439737,4008.0925
2450,1,1464439738,4009.8638
2451,1,1464439740,4010.8503
2452,1,1464439741,4009.9102
2453,1,1464439742,4009.0066
2454,1,1464439744,4009.9592
2455,1,1464439745,4010.1606
2456,1,1464439747,4010.4666
2457,1,1464439748,4011.7012
2458,1,1464439750,4010.682
2459,1,1464439751,4010.854
2460,1,1464439753,4007.762
2461,1,1464439754,4010.767
2462,1,1464439756,4012.2886
2463,1,1464439757,4010.7217
2464,1,1464439758,4009.9216
2465,1,1464439760,4010.6228
2466,1,1464439761,4012.0422
2467,1,1464439763,4012.2073
2468,1,1464439764,4016.0151
2469,1,1464439766,4017.5024
2470,1,1464439767,4019.246
2471,1,1464439769,4019.51
2472,1,1464439770,4020.0762
2473,1,1464439772,4019.6062
2474,1,1464439773,4018.8162
2475,1,1464439774,4015.302
2476,1,1464439776,4013.5288
2477,1,1464439777,4014.764
2478,1,1464439779,4015.9814
2479,1,1464439780,4017.0789
2480,1,1464439782,4015.4177
2481,1,1464439783,4016.0488
2482,1,1464439785,4015.2961
2483,1,1464439786,4015.156
2484,1,1464439788,4010.7534
2485,1,1464439789,4013.9216
2486,1,1464439790,4012.7231
2487,1,1464439792,4011.8062
2488,1,1464439793,4010.287
2489,1,1464439795,4010.179
2490,1,1464439796,4012.4844
2491,1,1464439798,4012.249
2492,1,1464439799,4012.371
2493,1,1464439801,4010.6753
2494,1,1464439802,4009.6326
2495,1,1464439804,4009.0146
2496,1,1464439805,4010.6912
2497,1,1464439807,4009.4043
2498,1,1464439808,4009.6494
2499,1,1464439809,4009.2393
2500,1,1464439811,4007.3354
2501,1,1464439812,4009.2039
2502,1,1464439814,4008.8213
2503,1,1464439815,4008.495
2504,1,1464439817,4010.1367
2505,1,1464439818,4009.9346
2506,1,1464439820,4011.1333
2507,1,1464439821,4011.0308
2508,1,1464439823,4010.6482
2509,1,1464439824,4012.2214
2510,1,1464439825,4010.039
2511,1,1464439827,4012.2068
2512,1,1464439828,4011.8171
2513,1,1464439830,4011.9792
2514,1,1464439831,4009.2776
2515,1,1464439833,4005.6323
2516,1,1464439834,4001.1716
2517,1,1464439836,4000.319
2518,1,1464439837,4005.4639
2519,1,1464439839,4005.6675
2520,1,1464439840,4007.6416
2521,1,1464439841,4007.5786
2522,1,1464439843,4005.6675
2523,1,1464439844,4005.15
2524,1,1464439846,4003.5994
2525,1,1464439847,4005.3752
2526,1,1464439849,4004.0024
2527,1,1464439850,4004.791
2528,1,1464439852,4004.0996
2529,1,1464439853,4004.2312
2530,1,1464439855,4005.175
2531,1,1464439856,4003.7224
2532,1,1464439858,4005.2646
2533,1,1464439859,4005.1802
2534,1,1464439860,4005.819
2535,1,1464439862,4005.4417
2536,1,1464439863,4005.2585
2537,1,1464439865,4006.0266
2538,1,1464439866,4007.1135
2539,1,1464439868,4005.9443
2540,1,1464439869,4004.8066
2541,1,1464439871,4005.1672
2542,1,1464439872,4006.3826
2543,1,1464439874,4005.8938
2544,1,1464439875,4006.1604
2545,1,1464439876,4006.458
2546,1,1464439878,4006.8928
2547,1,1464439879,4005.0173
2548,1,1464439881,4005.3782
2549,1,1464439882,4003.9163
2550,1,1464439884,4006.1084
2551,1,1464439885,4005.0938
2552,1,1464439887,4004.2727
2553,1,1464439888,4005.0447
2554,1,1464439890,4004.0269
2555,1,1464439891,4003.556
2556,1,1464439892,4003.9104
2557,1,1464439894,4004.1401
2558,1,1464439895,4004.5762
2559,1,1464439897,4003.3652
2560,1,1464439898,4002.8086
2561,1,1464439900,4002.419
2562,1,1464439901,4000.8315
2563,1,1464439903,4001.7927
2564,1,1464439904,4000.369
2565,1,1464439906,3999.3442
2566,1,1464439907,4000.7104
2567,1,1464439909,4001.1328
2568,1,1464439910,4000.5195
2569,1,1464439911,4001.4417
2570,1,1464439913,4000.694
2571,1,1464439914,3999.763
2572,1,1464439916,4002.6606
2573,1,1464439917,3999.8223
2574,1,1464439919,4000.7957
2575,1,1464439920,3999.378
2576,1,1464439922,3998.549
2577,1,1464439923,3999.6885
2578,1,1464439925,3999.0833
2579,1,1464439926,3998.8965
2580,1,1464439927,4000.2734
2581,1,1464439929,3999.33
2582,1,1464439930,3999.2876
2583,1,1464439932,4000.4336
2584,1,1464439933,3997.648
2585,1,1464439935,3998.7788
2586,1,1464439936,3999.2935
2587,1,1464439938,3998.3474
2588,1,1464439939,3997.8735
2589,1,1464439941,3998.5122
2590,1,1464439942,3998.9219
2591,1,1464439943,3996.529
2592,1,1464439945,3997.2256
2593,1,1464439946,3997.444
2594,1,1464439948,3996.807
2595,1,1464439949,3997.3125
2596,1,1464439951,3996.9714
2597,1,1464439952,3996.469
2598,1,1464439954,3995.9539
2599,1,1464439955,3997.7495
2600,1,1464439957,3997.934
2601,1,1464439958,3995.9485
2602,1,1464439960,3994.3914
2603,1,1464439961,3995.307
2604,1,1464439962,3994.9102
2605,1,1464439964,3994.1096
2606,1,1464439965,3994.8337
2607,1,1464439967,3994.775
2608,1,1464439968,3994.093
2609,1,1464439970,3994.3486
2610,1,1464439971,3994.4895
2611,1,1464439973,3994.673
2612,1,1464439974,3993.7642
2613,1,1464439976,3995.7031
2614,1,1464439978,3995.2617
2615,1,1464439980,3995.017
2616,1,1464439981,3993.8496
2617,1,1464439983,3993.261
2618,1,1464439984,3993.977
2619,1,1464439986,3996.3064
2620,1,1464439987,3997.8496
2621,1,1464439989,3998.2563
2622,1,1464439990,3997.0403
2623,1,1464439992,3996.9517
2624,1,1464439993,3997.7666
2625,1,1464439994,3996.5852
2626,1,1464439996,3998.0552
2627,1,1464439997,3998.5762
2628,1,1464439999,3998.0918
2629,1,1464440000,3998.0432
2630,1,1464440002,3997.8386
2631,1,1464440003,3997.711
2632,1,1464440005,3996.9375
2633,1,1464440006,3994.7512
2634,1,1464440008,3997.0894
2635,1,1464440009,3996.6106
2636,1,1464440010,3994.5647
2637,1,1464440012,3993.9229
2638,1,1464440013,3993.421
2639,1,1464440015,3991.4766
2640,1,1464440016,3991.4866
2641,1,1464440018,3991.4338
2642,1,1464440019,3993.3828
2643,1,1464440021,3990.7505
2644,1,1464440022,3990.4656
2645,1,1464440024,3989.6123
2646,1,1464440025,3992.4697
2647,1,1464440027,3989.8645
2648,1,1464440028,3988.863
2649,1,1464440029,3989.8328
2650,1,1464440031,3993.7764
2651,1,1464440032,3994.154
2652,1,1464440034,3994.76
2653,1,1464440035,3993.5376
2654,1,1464440037,3991.7832
2655,1,1464440038,3982.6062
2656,1,1464440040,3977.2554
2657,1,1464440041,3978.0454
2658,1,1464440043,3980.4097
2659,1,1464440044,3983.65
2660,1,1464440045,3990.1116
2661,1,1464440047,3985.7896
2662,1,1464440048,3982.0386
2663,1,1464440050,3979.6516
2664,1,1464440051,3983.6084
2665,1,1464440053,3981.799
2666,1,1464440054,3985.1418
2667,1,1464440056,3978.7317
2668,1,1464440057,3980.5999
2669,1,1464440059,3983.094
2670,1,1464440060,3986.3384
2671,1,1464440061,3985.7014
2672,1,1464440063,3987.9512
2673,1,1464440064,3988.5916
2674,1,1464440066,3987.575
2675,1,1464440067,3983.8862
2676,1,1464440069,3984.704
2677,1,1464440070,3984.6736
2678,1,1464440072,3986.457
2679,1,1464440073,3987.2974
2680,1,1464440075,3988.3916
2681,1,1464440076,3987.5842
2682,1,1464440078,3989.597
2683,1,1464440079,3988.8005
2684,1,1464440080,3989.9287
2685,1,1464440082,3990.792
2686,1,1464440083,3990.1182
2687,1,1464440085,3987.8364
2688,1,1464440086,3989.0493
2689,1,1464440088,3988.688
2690,1,1464440089,3989.647
2691,1,1464440091,3989.3225
2692,1,1464440092,3987.8787
2693,1,1464440094,3988.9707
2694,1,1464440095,3987.794
2695,1,1464440096,3988.4124
2696,1,1464440098,3986.8564
2697,1,1464440099,3983.9434
2698,1,1464440101,3987.542
2699,1,1464440102,3986.695
2700,1,1464440104,3988.186
2701,1,1464440105,3987.1724
2702,1,1464440107,3985.5327
2703,1,1464440108,3986.7883
2704,1,1464440110,3985.9744
2705,1,1464440111,3986.2356
2706,1,1464440112,3987.0469
2707,1,1464440114,3987.8237
2708,1,1464440115,3985.7454
2709,1,1464440117,3985.6462
2710,1,1464440118,3986.6816
2711,1,1464440120,3987.017
2712,1,1464440121,3990.1
2713,1,1464440123,3991.6992
2714,1,1464440124,3992.6152
2715,1,1464440126,3992.2083
2716,1,1464440127,3992.62
2717,1,1464440129,3992.4827
2718,1,1464440130,3991.6782
2719,1,1464440131,3992.9136
2720,1,1464440133,3991.02
2721,1,1464440134,3989.818
2722,1,1464440136,3990.7588
2723,1,1464440137,3989.8325
2724,1,1464440139,3987.8552
2725,1,1464440140,3989.383
2726,1,1464440142,3988.4963
2727,1,1464440143,3986.052
2728,1,1464440145,3985.8748
2729,1,1464440146,3984.7146
2730,1,1464440147,3982.8303
2731,1,1464440149,3981.9504
2732,1,1464440150,3981.8987
2733,1,1464440152,3981.4785
2734,1,1464440153,3981.7278
2735,1,1464440155,3980.167
2736,1,1464440156,3980.6846
2737,1,1464440158,3979.8047
2738,1,1464440159,3981.122
2739,1,1464440161,3979.5173
2740,1,1464440162,3978.5586
2741,1,1464440163,3979.5115
2742,1,1464440165,3974.9504
2743,1,1464440166,3970.063
2744,1,1464440168,3971.0522
2745,1,1464440169,3972.556
2746,1,1464440171,3975.6846
2747,1,1464440172,3974.5327
2748,1,1464440174,3975.3308
2749,1,1464440175,3976.9226
2750,1,1464440177,3978.581
2751,1,1464440178,3978.7449
2752,1,1464440179,3978.855
2753,1,1464440181,3980.3467
2754,1,1464440182,3981.7175
2755,1,1464440184,3981.345
2756,1,1464440185,3980.0337
2757,1,1464440187,3982.051
2758,1,1464440188,3983.6995
2759,1,1464440190,3985.5835
2760,1,1464440191,3983.9695
2761,1,1464440193,3984.248
2762,1,1464440194,3983.2832
2763,1,1464440196,3983.47
2764,1,1464440197,3983.7637
2765,1,1464440198,3982.8901
2766,1,1464440200,3983.8486
2767,1,1464440201,3981.6597
2768,1,1464440203,3981.7908
2769,1,1464440204,3980.755
2770,1,1464440206,3982.4304
2771,1,1464440207,3981.9167
2772,1,1464440209,3982.6902
2773,1,1464440210,3982.9722
2774,1,1464440212,3982.2605
2775,1,1464440213,3983.1418
2776,1,1464440214,3980.9834
2777,1,1464440216,3982.5447
2778,1,1464440217,3983.6475
2779,1,1464440219,3982.5947
2780,1,1464440220,3981.687
2781,1,1464440222,3980.8606
2782,1,1464440223,3982.345
2783,1,1464440225,3981.0083
2784,1,1464440226,3981.4731
2785,1,1464440228,3981.4087
2786,1,1464440229,3980.999
2787,1,1464440230,3982.5225
2788,1,1464440232,3981.9915
2789,1,1464440233,3979.5024
2790,1,1464440235,3980.7913
2791,1,1464440236,3980.9731
2792,1,1464440238,3980.3179
2793,1,1464440239,3980.9065
2794,1,1464440241,3982.3433
2795,1,1464440242,3982.3367
2796,1,1464440244,3980.2424
2797,1,1464440245,3980.737
2798,1,1464440247,3982.6
2799,1,1464440248,3982.5808
2800,1,1464440249,3983.6628
2801,1,1464440251,3982.5159
2802,1,1464440252,3982.8596
2803,1,1464440254,3981.6077
2804,1,1464440255,3981.429
2805,1,1464440257,3984.0217
2806,1,1464440258,3983.3003
2807,1,1464440260,3983.59
2808,1,1464440261,3983.525
2809,1,1464440263,3983.3342
2810,1,1464440264,3985.423
2811,1,1464440265,3985.4116
2812,1,1464440267,3983.3435
2813,1,1464440268,3982.2034
2814,1,1464440270,3984.2783
2815,1,1464440271,3983.8567
2816,1,1464440273,3985.163
2817,1,1464440274,3983.4895
2818,1,1464440276,3982.6655
2819,1,1464440277,3984.439
2820,1,1464440279,3983.2192
2821,1,1464440280,3983.899
2822,1,1464440281,3984.4023
2823,1,1464440283,3984.8118
2824,1,1464440284,3982.7505
2825,1,1464440286,3984.6157
2826,1,1464440287,3982.4392
2827,1,1464440289,3984.0132
2828,1,1464440290,3983.878
2829,1,1464440292,3984.2014
2830,1,1464440293,3983.5132
2831,1,1464440295,3984.0017
2832,1,1464440296,3981.7864
2833,1,1464440298,3984.402
2834,1,1464440299,3985.0454
2835,1,1464440300,3984.4565
2836,1,1464440302,3985.2463
2837,1,1464440303,3983.889
2838,1,1464440311,3982.9917
2839,1,1464440312,3985.7856
2840,1,1464440314,3984.0657
2841,1,1464440315,3984.457
2842,1,1464440316,3982.073
2843,1,1464440318,3982.1323
2844,1,1464440319,3983.209
2845,1,1464440321,3983.0537
2846,1,1464440322,3983.093
2847,1,1464440324,3981.2
2848,1,1464440325,3983.5408
2849,1,1464440327,3983.7363
2850,1,1464440328,3982.2761
2851,1,1464440330,3983.4268
2852,1,1464440331,3982.637
2853,1,1464440332,3982.5505
2854,1,1464440334,3984.3962
2855,1,1464440335,3985.0098
2856,1,1464440337,3986.3394
2857,1,1464440338,3988.488
2858,1,1464440340,3987.52
2859,1,1464440341,3987.3948
2860,1,1464440343,3986.5918
2861,1,1464440344,3987.4773
2862,1,1464440346,3988.1143
2863,1,1464440347,3988.3281
2864,1,1464440348,3989.633
2865,1,1464440350,3988.552
2866,1,1464440351,3986.2517
2867,1,1464440353,3986.2993
2868,1,1464440354,3986.69
2869,1,1464440356,3986.901
2870,1,1464440357,3985.2202
2871,1,1464440359,3984.4504
2872,1,1464440360,3985.996
2873,1,1464440362,3986.031
2874,1,1464440363,3984.7292
2875,1,1464440365,3984.3108
2876,1,1464440366,3982.9543
2877,1,1464440367,3983.025
2878,1,1464440369,3984.1045
2879,1,1464440370,3982.8877
2880,1,1464440372,3983.2136
2881,1,1464440373,3984.1333
2882,1,1464440375,3982.146
2883,1,1464440376,3980.8928
2884,1,1464440378,3981.531
2885,1,1464440379,3980.3586
2886,1,1464440381,3969.1497
2887,1,1464440382,3962.3662
2888,1,1464440383,3960.925
2889,1,1464440385,3965.2036
2890,1,1464440386,3963.964
2891,1,1464440388,3962.2727
2892,1,1464440389,3970.636
2893,1,1464440391,3974.8772
2894,1,1464440392,3976.185
2895,1,1464440394,3971.276
2896,1,1464440395,3970.9814
2897,1,1464440397,3975.5588
2898,1,1464440398,3974.4143
2899,1,1464440399,3970.489
2900,1,1464440401,3970.9338
2901,1,1464440402,3976.2468
2902,1,1464440404,3978.867
2903,1,1464440405,3977.8022
2904,1,1464440407,3979.1077
2905,1,1464440408,3978.792
2906,1,1464440410,3978.3357
2907,1,1464440411,3976.3384
2908,1,1464440413,3978.2078
2909,1,1464440414,3975.9568
2910,1,1464440416,3978.0918
2911,1,1464440417,3976.5605
2912,1,1464440418,3977.6748
2913,1,1464440420,3978.8616
2914,1,1464440421,3978.8425
2915,1,1464440423,3978.6514
2916,1,1464440424,3978.5435
2917,1,1464440426,3978.6829
2918,1,1464440427,3979.9941
2919,1,1464440429,3978.516
2920,1,1464440430,3978.4724
2921,1,1464440432,3979.7708
2922,1,1464440433,3976.6597
2923,1,1464440434,3977.0356
2924,1,1464440436,3977.5977
2925,1,1464440437,3975.3628
2926,1,1464440439,3975.0286
2927,1,1464440440,3974.8774
2928,1,1464440442,3974.1978
2929,1,1464440443,3974.018
2930,1,1464440445,3973.947
2931,1,1464440446,3973.7756
2932,1,1464440448,3973.0637
2933,1,1464440449,3973.5652
2934,1,1464440450,3972.7185
2935,1,1464440452,3972.6804
2936,1,1464440453,3973.5005
2937,1,1464440455,3973.2185
2938,1,1464440456,3971.4878
2939,1,1464440458,3973.53
2940,1,1464440459,3973.046
2941,1,1464440461,3971.3208
2942,1,1464440462,3971.4065
2943,1,1464440464,3972.3062
2944,1,1464440465,3972.1528
2945,1,1464440467,3969.7014
2946,1,1464440468,3971.6494
2947,1,1464440469,3971.2817
2948,1,1464440471,3971.9114
2949,1,1464440472,3971.6982
2950,1,1464440474,3969.5842
2951,1,1464440475,3969.2954
2952,1,1464440477,3972.2976
2953,1,1464440478,3970.459
2954,1,1464440480,3971.895
2955,1,1464440481,3973.1248
2956,1,1464440483,3970.4583
2957,1,1464440484,3972.6626
2958,1,1464440485,3970.346
2959,1,1464440487,3974.1162
2960,1,1464440488,3975.9744
2961,1,1464440490,3977.8745
2962,1,1464440491,3977.3396
2963,1,1464440493,3977.6045
2964,1,1464440494,3977.0308
2965,1,1464440496,3978.133
2966,1,1464440497,3975.3445
2967,1,1464440499,3973.2607
2968,1,1464440500,3973.1323
2969,1,1464440501,3974.4375
2970,1,1464440503,3972.9277
2971,1,1464440504,3971.788
2972,1,1464440506,3973.393
2973,1,1464440507,3974.339
2974,1,1464440509,3972.3357
2975,1,1464440510,3973.2312
2976,1,1464440512,3973.0688
2977,1,1464440513,3971.9697
2978,1,1464440515,3968.5415
2979,1,1464440516,3970.6848
2980,1,1464440518,3969.174
2981,1,1464440519,3970.567
2982,1,1464440520,3969.9412
2983,1,1464440522,3969.6746
2984,1,1464440523,3969.6472
2985,1,1464440525,3967.7593
2986,1,1464440526,3967.4524
2987,1,1464440528,3967.609
2988,1,1464440529,3963.6558
2989,1,1464440531,3957.4463
2990,1,1464440532,3958.062
2991,1,1464440534,3961.0688
2992,1,1464440535,3962.5833
2993,1,1464440536,3961.1633
2994,1,1464440538,3960.4429
2995,1,1464440539,3962.102
2996,1,1464440541,3962.1924
2997,1,1464440542,3963.1694
2998,1,1464440544,3962.979
2999,1,1464440545,3965.4692
3000,1,1464440547,3963.962
3001,1,1464440548,3964.636
3002,1,1464440550,3964.36
3003,1,1464440551,3965.5847
3004,1,1464440552,3968.229
3005,1,1464440554,3970.5945
3006,1,1464440555,3969.3337
3007,1,1464440557,3967.9375
3008,1,1464440558,3969.5935
3009,1,1464440560,3970.027
3010,1,1464440561,3968.7942
3011,1,1464440563,3966.205
3012,1,1464440564,3967.43
3013,1,1464440566,3968.1067
3014,1,1464440567,3968.9526
3015,1,1464440568,3969.9946
3016,1,1464440570,3970.9753
3017,1,1464440571,3969.315
3018,1,1464440573,3967.7146
3019,1,1464440574,3968.066
3020,1,1464440576,3969.909
3021,1,1464440577,3967.8064
3022,1,1464440579,3968.6157
3023,1,1464440580,3968.7583
3024,1,1464440582,3967.2722
3025,1,1464440583,3968.3462
3026,1,1464440585,3968.205
3027,1,1464440586,3967.8445
3028,1,1464440587,3967.1418
3029,1,1464440589,3964.6055
3030,1,1464440590,3965.7842
3031,1,1464440592,3964.7273
3032,1,1464440593,3964.0576
3033,1,1464440595,3962.9038
3034,1,1464440596,3964.863
3035,1,1464440598,3963.5852
3036,1,1464440599,3965.3547
3037,1,1464440601,3965.7961
3038,1,1464440602,3965.0432
3039,1,1464440603,3965.0427
3040,1,1464440605,3963.811
3041,1,1464440606,3965.6
3042,1,1464440608,3964.993
3043,1,1464440609,3964.521
3044,1,1464440611,3965.195
3045,1,1464440612,3962.6194
3046,1,1464440614,3963.56
3047,1,1464440615,3964.5225
3048,1,1464440617,3963.1006
3049,1,1464440618,3964.048
3050,1,1464440619,3965.569
3051,1,1464440621,3964.5735
3052,1,1464440622,3962.6914
3053,1,1464440624,3964.8462
3054,1,1464440625,3965.4792
3055,1,1464440627,3964.2883
3056,1,1464440628,3965.5625
3057,1,1464440630,3964.848
3058,1,1464440631,3966.1484
3059,1,1464440633,3965.3875
3060,1,1464440634,3965.0874
3061,1,1464440636,3964.7075
3062,1,1464440637,3963.5457
3063,1,1464440638,3963.965
3064,1,1464440640,3964.9048
3065,1,1464440641,3965.8677
3066,1,1464440643,3963.4219
3067,1,1464440644,3964.505
3068,1,1464440646,3965.3738
3069,1,1464440647,3965.4377
3070,1,1464440649,3965.8232
3071,1,1464440650,3963.9707
3072,1,1464440652,3965.3936
3073,1,1464440653,3965.1616
3074,1,1464440654,3966.5537
3075,1,1464440656,3965.7346
3076,1,1464440657,3965.89
3077,1,1464440659,3965.202
3078,1,1464440660,3963.5518
3079,1,1464440662,3965.936
3080,1,1464440663,3964.3665
3081,1,1464440665,3964.6562
3082,1,1464440666,3963.0637
3083,1,1464440668,3964.059
3084,1,1464440669,3965.3599
3085,1,1464440670,3965.7122
3086,1,1464440672,3966.3225
3087,1,1464440673,3963.9094
3088,1,1464440675,3964.2795
3089,1,1464440676,3964.0244
3090,1,1464440678,3963.8237
3091,1,1464440679,3963.0854
3092,1,1464440681,3962.4116
3093,1,1464440682,3962.8623
3094,1,1464440684,3964.2085
3095,1,1464440685,3962.802
3096,1,1464440687,3962.4922
3097,1,1464440688,3960.5234
3098,1,1464440689,3961.0276
3099,1,1464440691,3960.5525
3100,1,1464440692,3962.1606
3101,1,1464440694,3961.4458
3102,1,1464440695,3959.6936
3103,1,1464440697,3963.7231
3104,1,1464440698,3962.3274
3105,1,1464440700,3962.352
3106,1,1464440701,3964.885
3107,1,1464440703,3964.0923
3108,1,1464440704,3962.39
3109,1,1464440705,3963.3667
3110,1,1464440707,3963.3865
3111,1,1464440708,3962.7744
3112,1,1464440710,3961.8054
3113,1,1464440711,3961.8987
3114,1,1464440713,3962.7773
3115,1,1464440714,3963.0244
3116,1,1464440716,3962.1
3117,1,1464440717,3962.849
3118,1,1464440719,3962.115
3119,1,1464440720,3961.5747
3120,1,1464440721,3962.3962
3121,1,1464440723,3961.3757
3122,1,1464440724,3961.5183
3123,1,1464440726,3961.7036
3124,1,1464440727,3961.938
3125,1,1464440729,3962.9026
3126,1,1464440730,3962.1003
3127,1,1464440732,3962.2546
3128,1,1464440733,3962.607
3129,1,1464440735,3962.168
3130,1,1464440736,3963.1975
3131,1,1464440737,3961.1917
3132,1,1464440739,3964.1326
3133,1,1464440740,3962.3062
3134,1,1464440742,3963.2126
3135,1,1464440743,3962.1946
3136,1,1464440745,3962.8005
3137,1,1464440746,3962.9126
3138,1,1464440748,3963.568
3139,1,1464440749,3963.8147
3140,1,1464440751,3964.4094
3141,1,1464440752,3963.2393
3142,1,1464440754,3962.9758
3143,1,1464440755,3961.4219
3144,1,1464440756,3963.4573
3145,1,1464440758,3962.6426
3146,1,1464440759,3963.0974
3147,1,1464440761,3962.43
3148,1,1464440762,3964.099
3149,1,1464440764,3963.7478
3150,1,1464440765,3965.1316
3151,1,1464440767,3962.5908
3152,1,1464440768,3963.0098
3153,1,1464440770,3962.687
3154,1,1464440771,3963.5508
3155,1,1464440772,3963.8865
3156,1,1464440774,3963.694
3157,1,1464440775,3962.1587
3158,1,1464440777,3963.744
3159,1,1464440778,3963.999
3160,1,1464440780,3964.3323
3161,1,1464440781,3964.2068
3162,1,1464440783,3963.0876
3163,1,1464440784,3963.8184
3164,1,1464440786,3962.5583
3165,1,1464440787,3963.1384
3166,1,1464440788,3962.3376
3167,1,1464440790,3961.2822
3168,1,1464440791,3963.3154
3169,1,1464440793,3964.0515
3170,1,1464440794,3963.2534
3171,1,1464440796,3963.5388
3172,1,1464440797,3961.9111
3173,1,1464440799,3962.3792
3174,1,1464440800,3964.3394
3175,1,1464440802,3965.6255
3176,1,1464440803,3964.8845
3177,1,1464440805,3966.2998
3178,1,1464440806,3964.4119
3179,1,1464440807,3964.6506
3180,1,1464440809,3964.6548
3181,1,1464440810,3966.8096
3182,1,1464440812,3966.773
3183,1,1464440813,3966.4458
3184,1,1464440815,3969.1318
3185,1,1464440816,3967.0718
3186,1,1464440818,3964.9155
3187,1,1464440819,3964.282
3188,1,1464440821,3964.85
3189,1,1464440822,3965.183
3190,1,1464440823,3965.512
3191,1,1464440825,3963.6538
3192,1,1464440826,3963.702
3193,1,1464440828,3962.384
3194,1,1464440829,3961.7832
3195,1,1464440831,3962.3362
3196,1,1464440832,3962.1924
3197,1,1464440834,3960.7769
3198,1,1464440835,3959.532
3199,1,1464440837,3961.447
3200,1,1464440838,3962.2651
3201,1,1464440839,3959.9548
3202,1,1464440841,3961.04
3203,1,1464440842,3952.6055
3204,1,1464440844,3944.916
3205,1,1464440845,3940.4214
3206,1,1464440847,3944.5022
3207,1,1464440848,3945.9016
3208,1,1464440850,3943.3618
3209,1,1464440851,3949.644
3210,1,1464440853,3952.288
3211,1,1464440854,3953.5378
3212,1,1464440856,3951.4963
3213,1,1464440857,3951.3633
3214,1,1464440858,3954.8442
3215,1,1464440860,3952.519
3216,1,1464440861,3951.633
3217,1,1464440863,3950.764
3218,1,1464440864,3957.2693
3219,1,1464440866,3960.364
3220,1,1464440867,3959.3525
3221,1,1464440869,3962.0002
3222,1,1464440870,3958.9229
3223,1,1464440872,3960.7876
3224,1,1464440873,3958.3315
3225,1,1464440874,3957.7366
3226,1,1464440876,3957.7327
3227,1,1464440877,3959.1292
3228,1,1464440879,3958.5266
3229,1,1464440880,3958.6929
3230,1,1464440882,3960.189
3231,1,1464440883,3960.4028
3232,1,1464440885,3960.261
3233,1,1464440886,3959.7192
3234,1,1464440888,3959.6353
3235,1,1464440889,3960.4443
3236,1,1464440890,3959.795
3237,1,1464440892,3959.366
3238,1,1464440893,3959.506
3239,1,1464440895,3957.8108
3240,1,1464440896,3958.6252
3241,1,1464440898,3955.8271
3242,1,1464440899,3957.2275
3243,1,1464440901,3954.87
3244,1,1464440902,3955.99
3245,1,1464440904,3955.1855
3246,1,1464440905,3954.455
3247,1,1464440907,3953.6575
3248,1,1464440908,3954.8828
3249,1,1464440909,3952.6572
3250,1,1464440911,3954.2566
3251,1,1464440912,3955.5315
3252,1,1464440914,3954.431
3253,1,1464440915,3952.5002
3254,1,1464440917,3953.235
3255,1,1464440918,3953.398
3256,1,1464440920,3951.9648
3257,1,1464440921,3955.5112
3258,1,1464440923,3954.0781
3259,1,1464440924,3955.2893
3260,1,1464440925,3954.7454
3261,1,1464440927,3953.4944
3262,1,1464440928,3954.0046
3263,1,1464440930,3953.7075
3264,1,1464440931,3953.0398
3265,1,1464440933,3952.0925
3266,1,1464440934,3950.923
3267,1,1464440936,3954.716
3268,1,1464440937,3952.6277
3269,1,1464440939,3953.2512
3270,1,1464440940,3956.6929
3271,1,1464440941,3957.5884
3272,1,1464440943,3959.7695
3273,1,1464440944,3959.0151
3274,1,1464440946,3960.391
3275,1,1464440947,3960.6887
3276,1,1464440949,3961.1462
3277,1,1464440950,3958.7292
3278,1,1464440952,3956.6555
3279,1,1464440953,3957.4468
3280,1,1464440955,3956.2166
3281,1,1464440956,3954.9705
3282,1,1464440957,3956.8447
3283,1,1464440959,3955.705
3284,1,1464440960,3954.4956
3285,1,1464440962,3955.2224
3286,1,1464440963,3953.807
3287,1,1464440965,3953.9834
3288,1,1464440966,3951.5916
3289,1,1464440968,3951.9424
3290,1,1464440969,3951.4207
3291,1,1464440971,3951.5095
3292,1,1464440972,3951.4675
3293,1,1464440974,3951.2224
3294,1,1464440975,3951.3262
3295,1,1464440976,3951.9585
3296,1,1464440978,3951.8289
3297,1,1464440979,3945.6396
3298,1,1464440981,3942.1086
3299,1,1464440982,3940.5325
3300,1,1464440984,3943.2224
3301,1,1464440985,3945.3914
3302,1,1464440987,3943.1497
3303,1,1464440988,3943.4155
3304,1,1464440990,3946.5361
3305,1,1464440991,3944.875
3306,1,1464440992,3944.599
3307,1,1464440994,3944.3198
3308,1,1464440995,3946.876
3309,1,1464440997,3946.6265
3310,1,1464440998,3946.0723
3311,1,1464441000,3947.505
3312,1,1464441001,3947.929
3313,1,1464441003,3951.8699
3314,1,1464441004,3952.5745
3315,1,1464441006,3951.6746
3316,1,1464441007,3951.164
3317,1,1464441008,3953.5237
3318,1,1464441010,3952.9126
3319,1,1464441011,3952.7742
3320,1,1464441013,3953.0725
3321,1,1464441014,3952.1577
3322,1,1464441016,3953.6924
3323,1,1464441017,3952.2217
3324,1,1464441019,3952.2656
3325,1,1464441020,3951.9016
3326,1,1464441022,3953.1135
3327,1,1464441023,3952.2993
3328,1,1464441025,3951.8816
3329,1,1464441026,3952.6453
3330,1,1464441027,3951.6667
3331,1,1464441029,3951.9421
3332,1,1464441030,3951.9202
3333,1,1464441032,3952.414
3334,1,1464441033,3951.7322
3335,1,1464441035,3951.9348
3336,1,1464441036,3950.027
3337,1,1464441038,3948.6003
3338,1,1464441039,3949.8762
3339,1,1464441041,3950.7542
3340,1,1464441042,3950.0085
3341,1,1464441043,3949.897
3342,1,1464441045,3951.9243
3343,1,1464441046,3949.584
3344,1,1464441048,3951.3435
3345,1,1464441049,3950.5754
3346,1,1464441051,3949.402
3347,1,1464441052,3950.2505
3348,1,1464441054,3949.3784
3349,1,1464441055,3949.8083
3350,1,1464441057,3951.3733
3351,1,1464441058,3951.119
3352,1,1464441059,3951.9866
3353,1,1464441061,3950.8728
3354,1,1464441062,3950.3962
3355,1,1464441064,3951.0356
3356,1,1464441065,3950.6646
3357,1,1464441067,3949.178
3358,1,1464441068,3951.1526
3359,1,1464441070,3951.4045
3360,1,1464441071,3949.797
3361,1,1464441073,3949.6072
3362,1,1464441074,3949.971
3363,1,1464441076,3950.569
3364,1,1464441077,3948.8408
3365,1,1464441078,3949.0564
3366,1,1464441080,3948.3699
3367,1,1464441081,3950.3374
3368,1,1464441083,3952.432
3369,1,1464441084,3949.2307
3370,1,1464441086,3948.2043
3371,1,1464441087,3949.2107
3372,1,1464441089,3949.5886
3373,1,1464441090,3948.8145
3374,1,1464441092,3948.5266
3375,1,1464441093,3947.952
3376,1,1464441094,3948.2344
3377,1,1464441096,3949.362
3378,1,1464441097,3949.4214
3379,1,1464441099,3948.6719
3380,1,1464441100,3949.2068
3381,1,1464441102,3947.5742
3382,1,1464441103,3948.166
3383,1,1464441105,3949.6965
3384,1,1464441106,3948.7507
3385,1,1464441108,3947.9526
3386,1,1464441109,3947.3071
3387,1,1464441110,3947.368
3388,1,1464441112,3947.7695
3389,1,1464441113,3946.8145
3390,1,1464441115,3947.1313
3391,1,1464441116,3948.0193
3392,1,1464441118,3948.1162
3393,1,1464441119,3947.6584
3394,1,1464441121,3948.552
3395,1,1464441122,3948.936
3396,1,1464441124,3948.6848
3397,1,1464441125,3948.5967
3398,1,1464441126,3947.1655
3399,1,1464441128,3949.6174
3400,1,1464441129,3946.6897
3401,1,1464441131,3947.0464
3402,1,1464441132,3948.1484
3403,1,1464441134,3947.3696
3404,1,1464441135,3948.819
3405,1,1464441137,3947.8137
3406,1,1464441138,3947.2866
3407,1,1464441140,3946.9282
3408,1,1464441141,3947.3528
3409,1,1464441143,3946.8157
3410,1,1464441144,3946.4905
3411,1,1464441145,3945.9993
3412,1,1464441147,3946.7686
3413,1,1464441148,3946.6956
3414,1,1464441150,3945.7085
3415,1,1464441151,3945.8662
3416,1,1464441153,3946.923
3417,1,1464441154,3945.6326
3418,1,1464441156,3945.6455
3419,1,1464441157,3946.452
3420,1,1464441159,3946.322
3421,1,1464441160,3945.8186
3422,1,1464441161,3947.221
3423,1,1464441163,3947.6196
3424,1,1464441164,3946.734
3425,1,1464441166,3946.4302
3426,1,1464441167,3945.715
3427,1,1464441169,3948.0642
3428,1,1464441170,3947.7766
3429,1,1464441172,3946.9304
3430,1,1464441173,3946.7473
3431,1,1464441175,3948.112
3432,1,1464441176,3944.9302
3433,1,1464441177,3947.6995
3434,1,1464441179,3947.486
3435,1,1464441180,3947.7114
3436,1,1464441182,3947.044
3437,1,1464441183,3945.8333
3438,1,1464441185,3945.508
3439,1,1464441186,3946.4973
3440,1,1464441188,3945.8477
3441,1,1464441189,3946.5054
3442,1,1464441191,3947.1387
3443,1,1464441192,3946.333
3444,1,1464441194,3944.9946
3445,1,1464441195,3943.6443
3446,1,1464441196,3942.4082
3447,1,1464441198,3940.302
3448,1,1464441199,3941.145
3449,1,1464441201,3941.4578
3450,1,1464441202,3943.555
3451,1,1464441204,3943.4404
3452,1,1464441205,3943.685
3453,1,1464441207,3944.1802
3454,1,1464441208,3944.918
3455,1,1464441210,3946.0815
3456,1,1464441211,3945.1646
3457,1,1464441212,3946.8088
3458,1,1464441214,3948.085
3459,1,1464441215,3948.1218
3460,1,1464441217,3949.558
3461,1,1464441218,3951.0623
3462,1,1464441220,3950.339
3463,1,1464441221,3948.1243
3464,1,1464441223,3949.0608
3465,1,1464441224,3947.781
3466,1,1464441226,3949.043
3467,1,1464441227,3948.759
3468,1,1464441228,3950.018
3469,1,1464441230,3947.6545
3470,1,1464441231,3950.1948
3471,1,1464441233,3949.135
3472,1,1464441234,3947.1401
3473,1,1464441236,3946.274
3474,1,1464441237,3946.8757
3475,1,1464441239,3945.5833
3476,1,1464441240,3946.1108
3477,1,1464441242,3945.4978
3478,1,1464441243,3944.5842
3479,1,1464441245,3944.4087
3480,1,1464441246,3945.2493
3481,1,1464441247,3943.4822
3482,1,1464441249,3931.4385
3483,1,1464441250,3922.2322
3484,1,1464441252,3923.2988
3485,1,1464441253,3926.9805
3486,1,1464441255,3926.3123
3487,1,1464441256,3927.1724
3488,1,1464441258,3933.4558
3489,1,1464441259,3936.8428
3490,1,1464441261,3934.1272
3491,1,1464441262,3932.2615
3492,1,1464441263,3934.5105
3493,1,1464441265,3936.9834
3494,1,1464441266,3935.2236
3495,1,1464441268,3933.727
3496,1,1464441269,3934.8877
3497,1,1464441271,3941.7632
3498,1,1464441272,3944.9512
3499,1,1464441274,3942.2805
3500,1,1464441275,3945.236
3501,1,1464441277,3944.2957
3502,1,1464441278,3944.5813
3503,1,1464441279,3940.1294
3504,1,1464441281,3939.707
3505,1,1464441282,3940.6975
3506,1,1464441284,3943.288
3507,1,1464441285,3941.2634
3508,1,1464441287,3938.2856
3509,1,1464441288,3940.9558
3510,1,1464441290,3942.112
3511,1,1464441291,3941.4014
3512,1,1464441293,3941.6333
3513,1,1464441294,3941.3748
3514,1,1464441296,3940.7617
3515,1,1464441297,3941.6538
3516,1,1464441298,3941.0103
3517,1,1464441300,3939.1707
3518,1,1464441301,3939.0618
3519,1,1464441303,3939.3154
3520,1,1464441304,3938.8503
3521,1,1464441306,3938.34
3522,1,1464441307,3936.0818
3523,1,1464441309,3938.456
3524,1,1464441310,3939.2783
3525,1,1464441312,3939.1396
3526,1,1464441313,3939.8433
3527,1,1464441314,3938.527
3528,1,1464441316,3939.472
3529,1,1464441317,3937.2402
3530,1,1464441319,3938.9114
3531,1,1464441320,3939.0422
3532,1,1464441322,3937.7761
3533,1,1464441323,3938.777
3534,1,1464441325,3937.4312
3535,1,1464441326,3937.2993
3536,1,1464441328,3937.048
3537,1,1464441329,3938.0376
3538,1,1464441330,3936.2727
3539,1,1464441332,3937.5947
3540,1,1464441333,3937.0657
3541,1,1464441335,3937.4849
3542,1,1464441336,3935.194
3543,1,1464441338,3935.1697
3544,1,1464441339,3936.585
3545,1,1464441341,3935.2346
3546,1,1464441342,3936.5938
3547,1,1464441344,3935.518
3548,1,1464441345,3935.98
3549,1,1464441346,3935.9065
3550,1,1464441348,3936.527
3551,1,1464441349,3936.1982
3552,1,1464441351,3935.3523
3553,1,1464441352,3934.8508
3554,1,1464441354,3935.5955
3555,1,1464441355,3934.5784
3556,1,1464441357,3937.287
3557,1,1464441358,3936.1067
3558,1,1464441360,3938.1995
3559,1,1464441361,3941.8323
3560,1,1464441363,3944.3713
3561,1,1464441364,3943.769
3562,1,1464441365,3945.1091
3563,1,1464441367,3945.0793
3564,1,1464441368,3943.4211
3565,1,1464441370,3943.6738
3566,1,1464441371,3943.7656
3567,1,1464441373,3941.0112
3568,1,1464441374,3938.9114
3569,1,1464441376,3940.0142
3570,1,1464441377,3940.2195
3571,1,1464441379,3939.4949
3572,1,1464441380,3940.8496
3573,1,1464441381,3937.2625
3574,1,1464441383,3935.3992
3575,1,1464441384,3937.669
3576,1,1464441386,3936.016
3577,1,1464441387,3937.3208
3578,1,1464441389,3936.5723
3579,1,1464441390,3934.5188
3580,1,1464441392,3934.42
3581,1,1464441393,3935.173
3582,1,1464441395,3934.4905
3583,1,1464441396,3933.864
3584,1,1464441397,3934.904
3585,1,1464441399,3933.9512
3586,1,1464441400,3932.8816
3587,1,1464441402,3931.6123
3588,1,1464441403,3924.3333
3589,1,1464441405,3924.178
3590,1,1464441406,3922.6846
3591,1,1464441408,3922.588
3592,1,1464441409,3924.3423
3593,1,1464441411,3925.9324
3594,1,1464441412,3924.9104
3595,1,1464441414,3925.4585
3596,1,1464441415,3924.358
3597,1,1464441416,3927.3787
3598,1,1464441418,3925.783
3599,1,1464441419,3928.618
3600,1,1464441421,3928.1934
3601,1,1464441422,3928.576
3602,1,1464441424,3928.5564
3603,1,1464441425,3930.7869
3604,1,1464441427,3930.5442
3605,1,1464441428,3933.4158
3606,1,1464441430,3931.4797
3607,1,1464441431,3930.715
3608,1,1464441432,3933.1782
3609,1,1464441434,3933.275
3610,1,1464441435,3933.1934
3611,1,1464441437,3931.433
3612,1,1464441438,3931.6396
3613,1,1464441440,3933.407
3614,1,1464441441,3931.6414
3615,1,1464441443,3930.0935
3616,1,1464441444,3930.175
3617,1,1464441446,3931.6975
3618,1,1464441447,3932.1052
3619,1,1464441448,3931.6885
3620,1,1464441450,3932.2993
3621,1,1464441451,3930.222
3622,1,1464441453,3931.1821
3623,1,1464441454,3930.1338
3624,1,1464441456,3930.246
3625,1,1464441457,3930.4453
3626,1,1464441459,3930.4617
3627,1,1464441460,3930.1797
3628,1,1464441462,3928.6248
3629,1,1464441463,3927.9736
3630,1,1464441465,3928.8054
3631,1,1464441466,3929.2732
3632,1,1464441467,3929.8997
3633,1,1464441469,3929.507
3634,1,1464441470,3929.177
3635,1,1464441472,3928.0361
3636,1,1464441473,3928.3364
3637,1,1464441475,3929.2625
3638,1,1464441476,3928.4124
3639,1,1464441478,3929.1406
3640,1,1464441479,3929.0596
3641,1,1464441481,3927.3582
3642,1,1464441482,3927.7346
3643,1,1464441483,3927.1443
3644,1,1464441485,3926.4817
3645,1,1464441486,3927.7048
3646,1,1464441488,3927.7178
3647,1,1464441489,3924.819
3648,1,1464441491,3926.407
3649,1,1464441492,3926.8271
3650,1,1464441494,3927.138
3651,1,1464441495,3929.0615
3652,1,1464441497,3926.0703
3653,1,1464441498,3924.7083
3654,1,1464441499,3925.7715
3655,1,1464441501,3927.1252
3656,1,1464441502,3928.8147
3657,1,1464441504,3925.7927
3658,1,1464441505,3927.1208
3659,1,1464441507,3929.1526
3660,1,1464441508,3928.73
3661,1,1464441510,3926.308
3662,1,1464441511,3926.8132
3663,1,1464441513,3927.9983
3664,1,1464441514,3926.6033
3665,1,1464441515,3926.6108
3666,1,1464441517,3926.683
3667,1,1464441518,3924.988
3668,1,1464441520,3925.4458
3669,1,1464441521,3926.8887
3670,1,1464441523,3923.513
3671,1,1464441524,3926.634
3672,1,1464441526,3926.0684
3673,1,1464441527,3926.2285
3674,1,1464441529,3926.0366
3675,1,1464441530,3927.425
3676,1,1464441532,3926.039
3677,1,1464441533,3926.1301
3678,1,1464441534,3926.6995
3679,1,1464441536,3926.3801
3680,1,1464441537,3928.0798
3681,1,1464441539,3926.2205
3682,1,1464441540,3927.204
3683,1,1464441542,3925.2495
3684,1,1464441543,3926.6956
3685,1,1464441545,3927.568
3686,1,1464441546,3925.6704
3687,1,1464441548,3927.575
3688,1,1464441549,3926.6257
3689,1,1464441550,3924.717
3690,1,1464441552,3924.6023
3691,1,1464441553,3926.1274
3692,1,1464441555,3926.8872
3693,1,1464441556,3926.8628
3694,1,1464441558,3925.8457
3695,1,1464441559,3927.2747
3696,1,1464441561,3926.1533
3697,1,1464441562,3926.376
3698,1,1464441564,3926.6797
3699,1,1464441565,3928.0068
3700,1,1464441566,3927.808
3701,1,1464441568,3928.3528
3702,1,1464441569,3926.3208
3703,1,1464441571,3926.303
3704,1,1464441572,3926.016
3705,1,1464441574,3928.0215
3706,1,1464441575,3926.69
3707,1,1464441577,3927.034
3708,1,1464441578,3924.9324
3709,1,1464441580,3928.3071
3710,1,1464441581,3927.5417
3711,1,1464441583,3925.7446
3712,1,1464441584,3923.7458
3713,1,1464441585,3926.1128
3714,1,1464441587,3925.388
3715,1,1464441588,3925.7122
3716,1,1464441590,3924.272
3717,1,1464441591,3927.3228
3718,1,1464441593,3924.526
3719,1,1464441594,3923.9167
3720,1,1464441596,3924.5403
3721,1,1464441597,3924.6946
3722,1,1464441599,3923.8127
3723,1,1464441600,3925.3552
3724,1,1464441601,3923.6406
3725,1,1464441603,3923.6873
3726,1,1464441604,3922.0786
3727,1,1464441606,3922.913
3728,1,1464441607,3922.003
3729,1,1464441609,3922.3835
3730,1,1464441610,3921.9604
3731,1,1464441612,3920.9124
3732,1,1464441613,3921.0247
3733,1,1464441615,3922.525
3734,1,1464441616,3921.144
3735,1,1464441617,3921.7876
3736,1,1464441619,3923.9326
3737,1,1464441620,3923.6155
3738,1,1464441622,3920.8508
3739,1,1464441623,3919.628
3740,1,1464441625,3921.1309
3741,1,1464441626,3922.7253
3742,1,1464441628,3920.3394
3743,1,1464441629,3920.0876
3744,1,1464441631,3921.4492
3745,1,1464441632,3921.6584
3746,1,1464441634,3918.8005
3747,1,1464441635,3920.7073
3748,1,1464441636,3919.9504
3749,1,1464441638,3921.0312
3750,1,1464441639,3920.1145
3751,1,1464441641,3919.2854
3752,1,1464441642,3919.894
3753,1,1464441644,3921.6978
3754,1,1464441645,3918.7163
3755,1,1464441647,3921.3901
3756,1,1464441648,3918.9265
3757,1,1464441650,3921.676
3758,1,1464441651,3920.7495
3759,1,1464441652,3921.937
3760,1,1464441654,3920.966
3761,1,1464441655,3924.125
3762,1,1464441657,3925.4011
3763,1,1464441658,3923.9812
3764,1,1464441660,3923.5552
3765,1,1464441661,3924.2388
3766,1,1464441663,3924.4482
3767,1,1464441664,3922.5952
3768,1,1464441666,3924.0525
3769,1,1464441667,3924.3
3770,1,1464441668,3923.4524
3771,1,1464441670,3924.847
3772,1,1464441671,3923.517
3773,1,1464441673,3922.909
3774,1,1464441674,3922.4019
3775,1,1464441676,3922.6042
3776,1,1464441677,3922.0427
3777,1,1464441679,3920.021
3778,1,1464441680,3921.142
3779,1,1464441682,3921.3801
3780,1,1464441683,3922.4802
3781,1,1464441684,3922.7065
3782,1,1464441686,3922.6682
3783,1,1464441687,3920.637
3784,1,1464441689,3921.247
3785,1,1464441690,3920.4768
3786,1,1464441692,3920.5178
3787,1,1464441693,3920.341
3788,1,1464441695,3920.1982
3789,1,1464441696,3921.3872
3790,1,1464441698,3919.5354
3791,1,1464441699,3909.417
3792,1,1464441701,3899.0159
3793,1,1464441702,3899.8567
3794,1,1464441703,3902.8838
3795,1,1464441705,3904.1938
3796,1,1464441706,3901.8513
3797,1,1464441708,3903.6748
3798,1,1464441709,3914.7844
3799,1,1464441711,3914.9048
3800,1,1464441712,3911.3774
3801,1,1464441714,3908.1545
3802,1,1464441715,3912.5618
3803,1,1464441717,3914.8943
3804,1,1464441718,3913.0916
3805,1,1464441719,3907.6643
3806,1,1464441721,3915.3083
3807,1,1464441722,3918.4954
3808,1,1464441724,3921.2432
3809,1,1464441725,3916.567
3810,1,1464441727,3918.8235
3811,1,1464441728,3918.354
3812,1,1464441730,3915.1414
3813,1,1464441731,3904.1309
3814,1,1464441733,3906.2324
3815,1,1464441734,3910.0542
3816,1,1464441735,3915.948
3817,1,1464441737,3914.1943
3818,1,1464441738,3915.8596
3819,1,1464441740,3915.3926
3820,1,1464441741,3918.078
3821,1,1464441743,3916.1843
3822,1,1464441744,3915.1733
3823,1,1464441746,3915.3206
3824,1,1464441747,3916.746
3825,1,1464441749,3915.086
3826,1,1464441750,3913.8604
3827,1,1464441752,3914.3284
3828,1,1464441753,3913.5693
3829,1,1464441754,3916.3674
3830,1,1464441756,3916.8274
3831,1,1464441757,3919.1653
3832,1,1464441759,3918.3215
3833,1,1464441760,3917.6118
3834,1,1464441762,3919.766
3835,1,1464441763,3917.786
3836,1,1464441765,3918.822
3837,1,1464441766,3918.0454
3838,1,1464441768,3917.346
3839,1,1464441769,3917.0647
3840,1,1464441770,3917.9233
3841,1,1464441772,3918.2
3842,1,1464441773,3919.2568
3843,1,1464441775,3918.4941
3844,1,1464441776,3919.4468
3845,1,1464441778,3918.0999
3846,1,1464441779,3919.7244
3847,1,1464441781,3920.4272
3848,1,1464441782,3920.0986
3849,1,1464441784,3920.0403
3850,1,1464441785,3921.0352
3851,1,1464441786,3921.02
3852,1,1464441788,3921.1426
3853,1,1464441789,3919.5857
3854,1,1464441791,3920.4514
3855,1,1464441792,3919.839
3856,1,1464441794,3920.254
3857,1,1464441795,3921.3274
3858,1,1464441797,3923.3054
3859,1,1464441798,3927.1377
3860,1,1464441800,3928.5254
3861,1,1464441801,3928.4863
3862,1,1464441803,3929.0042
3863,1,1464441804,3927.3984
3864,1,1464441805,3927.8628
3865,1,1464441807,3925.531
3866,1,1464441808,3924.0828
3867,1,1464441810,3925.1135
3868,1,1464441811,3925.7087
3869,1,1464441813,3924.3757
3870,1,1464441814,3924.3892
3871,1,1464441816,3922.7734
3872,1,1464441817,3923.3167
3873,1,1464441819,3920.757
3874,1,1464441820,3921.1423
3875,1,1464441821,3920.018
3876,1,1464441823,3920.6467
3877,1,1464441824,3918.166
3878,1,1464441826,3915.776
3879,1,1464441827,3914.1086
3880,1,1464441829,3915.3992
3881,1,1464441830,3916.5186
3882,1,1464441832,3915.9512
3883,1,1464441833,3915.9658
3884,1,1464441835,3916.5908
3885,1,1464441836,3914.432
3886,1,1464441837,3914.241
3887,1,1464441839,3912.4841
3888,1,1464441840,3908.19
3889,1,1464441842,3904.9646
3890,1,1464441843,3907.529
3891,1,1464441845,3907.7188
3892,1,1464441846,3907.5469
3893,1,1464441848,3907.6272
3894,1,1464441849,3908.3728
3895,1,1464441851,3911.627
3896,1,1464441852,3908.8054
3897,1,1464441854,3910.371
3898,1,1464441855,3911.2002
3899,1,1464441856,3913.4092
3900,1,1464441858,3913.9797
3901,1,1464441859,3911.0017
3902,1,1464441861,3914.62
3903,1,1464441862,3916.0334
3904,1,1464441864,3921.2937
3905,1,1464441865,3918.9905
3906,1,1464441867,3916.6816
3907,1,1464441868,3916.3733
3908,1,1464441870,3917.3037
3909,1,1464441871,3916.9734
3910,1,1464441872,3916.9446
3911,1,1464441874,3916.5293
3912,1,1464441875,3916.4705
3913,1,1464441877,3918.3762
3914,1,1464441878,3916.8765
3915,1,1464441880,3916.434
3916,1,1464441881,3915.7173
3917,1,1464441883,3916.435
3918,1,1464441884,3917.18
3919,1,1464441886,3918.309
3920,1,1464441887,3917.2368
3921,1,1464441888,3916.1204
3922,1,1464441890,3918.7537
3923,1,1464441891,3917.1343
3924,1,1464441893,3917.0579
3925,1,1464441894,3916.7253
3926,1,1464441896,3917.7932
3927,1,1464441897,3915.7483
3928,1,1464441899,3916.313
3929,1,1464441900,3918.1226
3930,1,1464441902,3914.739
3931,1,1464441903,3915.0066
3932,1,1464441904,3915.2637
3933,1,1464441906,3915.7578
3934,1,1464441907,3914.4612
3935,1,1464441909,3915.3845
3936,1,1464441910,3914.0222
3937,1,1464441912,3915.3628
3938,1,1464441913,3913.6628
3939,1,1464441915,3914.5369
3940,1,1464441916,3913.7378
3941,1,1464441918,3914.753
3942,1,1464441919,3913.8533
3943,1,1464441921,3913.2087
3944,1,1464441922,3915.2085
3945,1,1464441923,3913.18
3946,1,1464441925,3912.2427
3947,1,1464441926,3912.784
3948,1,1464441928,3915.9397
3949,1,1464441929,3913.6177
3950,1,1464441931,3913.4067
3951,1,1464441932,3911.9329
3952,1,1464441934,3912.541
3953,1,1464441935,3913.0127
3954,1,1464441937,3911.7815
3955,1,1464441938,3912.2144
3956,1,1464441939,3911.8486
3957,1,1464441941,3910.086
3958,1,1464441942,3911.525
3959,1,1464441944,3911.1794
3960,1,1464441945,3911.395
3961,1,1464441947,3911.7168
3962,1,1464441948,3910.7285
3963,1,1464441950,3908.9724
3964,1,1464441951,3910.5479
3965,1,1464441953,3910.1697
3966,1,1464441954,3909.0454
3967,1,1464441955,3908.3364
3968,1,1464441957,3910.5122
3969,1,1464441958,3911.1396
3970,1,1464441960,3909.6162
3971,1,1464441961,3908.5752
3972,1,1464441963,3909.5527
3973,1,1464441964,3908.408
3974,1,1464441966,3909.7178
3975,1,1464441967,3908.8364
3976,1,1464441969,3908.744
3977,1,1464441970,3910.5493
3978,1,1464441972,3909.6738
3979,1,1464441973,3910.8887
3980,1,1464441974,3910.2095
3981,1,1464441976,3910.8113
3982,1,1464441977,3910.5354
3983,1,1464441979,3910.2446
3984,1,1464441980,3911.838
3985,1,1464441982,3910.7188
3986,1,1464441983,3910.6772
3987,1,1464441985,3910.1958
3988,1,1464441986,3910.2622
3989,1,1464441988,3909.8115
3990,1,1464441989,3908.4885
3991,1,1464441990,3910.3604
3992,1,1464441992,3910.9758
3993,1,1464441993,3910.8364
3994,1,1464441995,3913.51
3995,1,1464441996,3912.154
3996,1,1464441998,3913.9463
3997,1,1464441999,3914.4111
3998,1,1464442001,3916.4978
3999,1,1464442002,3915.9639
4000,1,1464442004,3916.2546
4001,1,1464442005,3917.264
4002,1,1464442006,3916.5754
4003,1,1464442008,3923.1506
4004,1,1464442009,3891.6982
4005,1,1464442011,3857.6418
4006,1,1464442012,3855.6006
4007,1,1464442014,3856.7056
4008,1,1464442015,3854.0288
4009,1,1464442017,3856.294
4010,1,1464442018,3857.6587
4011,1,1464442020,3857.4817
4012,1,1464442021,3855.1106
4013,1,1464442023,3856.747
4014,1,1464442024,3906.039
4015,1,1464442025,3918.9202
4016,1,1464442027,3909.8997
4017,1,1464442028,3905.7222
4018,1,1464442030,3905.4807
4019,1,1464442031,3906.635
4020,1,1464442033,3909.9111
4021,1,1464442034,3908.4011
4022,1,1464442036,3910.0747
4023,1,1464442037,3890.5237
4024,1,1464442039,3766.941
4025,1,1464442040,3715.852
4026,1,1464442041,3711.9592
4027,1,1464442043,3713.3174
4028,1,1464442044,3699.9175
4029,1,1464442046,3682.6323
4030,1,1464442047,3674.3284
4031,1,1464442049,3688.4749
4032,1,1464442050,3711.2483
4033,1,1464442052,3723.5574
4034,1,1464442053,3840.3174
4035,1,1464442055,3898.4558
4036,1,1464442056,3903.4565
4037,1,1464442057,3902.9573
4038,1,1464442059,3903.0693
4039,1,1464442060,3901.0625
4040,1,1464442062,3904.7192
4041,1,1464442063,3904.7192
4042,1,1464442065,3901.252
4043,1,1464442066,3803.7466
4044,1,1464442068,3514.205
4045,1,1464442069,3467.4556
4046,1,1464442071,3457.7148
4047,1,1464442072,3451.1833
4048,1,1464442073,3451.8474
4049,1,1464442075,3456.581
4050,1,1464442076,3457.283
4051,1,1464442078,3456.1077
4052,1,1464442079,3454.7139
4053,1,1464442081,3536.3308
4054,1,1464442082,3835.2424
4055,1,1464442084,3901.7422
4056,1,1464442085,3900.8389
4057,1,1464442087,3900.6619
4058,1,1464442088,3901.2886
4059,1,1464442090,3898.935
4060,1,1464442091,3902.15
4061,1,1464442092,3900.5024
4062,1,1464442094,3912.2183
4063,1,1464442095,3896.544
4064,1,1464442097,3813.957
4065,1,1464442098,3812.7427
4066,1,1464442100,3810.6018
4067,1,1464442101,3805.441
4068,1,1464442103,3807.1836
4069,1,1464442104,3808.2463
4070,1,1464442106,3807.6553
4071,1,1464442107,3807.814
4072,1,1464442108,3810.133
4073,1,1464442110,3897.9385
4074,1,1464442111,3913.1611
4075,1,1464442113,3902.9707
4076,1,1464442114,3904.0337
4077,1,1464442116,3905.7358
4078,1,1464442117,3903.9585
4079,1,1464442119,3904.449
4080,1,1464442120,3903.0964
4081,1,1464442122,3905.6968
4082,1,1464442123,3908.511
4083,1,1464442124,3910.7095
4084,1,1464442126,3911.0771
4085,1,1464442127,3912.8726
4086,1,1464442129,3911.7896
4087,1,1464442130,3912.269
4088,1,1464442132,3912.4824
4089,1,1464442133,3913.2048
4090,1,1464442135,3912.5928
4091,1,1464442136,3913.4783
4092,1,1464442138,3913.6868
4093,1,1464442139,3910.913
4094,1,1464442141,3912.1252
4095,1,1464442142,3910.082
4096,1,1464442143,3908.7363
4097,1,1464442145,3909.4766
4098,1,1464442146,3905.4517
4099,1,1464442148,3903.3127
4100,1,1464442149,3902.2761
4101,1,1464442151,3901.9495
4102,1,1464442152,3900.6316
4103,1,1464442154,3900.248
4104,1,1464442155,3899.4983
4105,1,1464442157,3900.3516
4106,1,1464442158,3899.1084
4107,1,1464442159,3899.0486
4108,1,1464442161,3897.9043
4109,1,1464442162,3897.4272
4110,1,1464442164,3897.5823
4111,1,1464442165,3899.7112
4112,1,1464442167,3898.4094
4113,1,1464442168,3899.7793
4114,1,1464442170,3897.777
4115,1,1464442171,3898.7078
4116,1,1464442173,3898.952
4117,1,1464442174,3896.366
4118,1,1464442175,3889.3455
4119,1,1464442177,3888.022
4120,1,1464442178,3887.6763
4121,1,1464442180,3888.2522
4122,1,1464442181,3887.3186
4123,1,1464442183,3887.3896
4124,1,1464442184,3908.2615
4125,1,1464442186,3932.0146
4126,1,1464442187,3933.9146
4127,1,1464442189,3933.2761
4128,1,1464442190,3933.7048
4129,1,1464442192,3932.7717
4130,1,1464442193,3933.7627
4131,1,1464442194,3935.5676
4132,1,1464442196,3934.8386
4133,1,1464442197,3935.4658
4134,1,1464442199,3936.1838
4135,1,1464442200,3936.397
4136,1,1464442202,3935.068
4137,1,1464442203,3934.879
4138,1,1464442205,3935.7083
4139,1,1464442206,3935.1848
4140,1,1464442208,3935.2158
4141,1,1464442209,3934.1921
4142,1,1464442210,3933.7288
4143,1,1464442212,3935.5103
4144,1,1464442213,3933.909
4145,1,1464442215,3934.8137
4146,1,1464442216,3933.9858
4147,1,1464442218,3934.1255
4148,1,1464442219,3933.6777
4149,1,1464442221,3933.851
4150,1,1464442222,3934.168
4151,1,1464442224,3935.1829
4152,1,1464442225,3934.001
4153,1,1464442226,3933.7478
4154,1,1464442228,3933.4316
4155,1,1464442229,3933.0132
4156,1,1464442231,3931.968
4157,1,1464442232,3932.7383
4158,1,1464442234,3931.3398
4159,1,1464442235,3931.0662
4160,1,1464442237,3930.2732
4161,1,1464442238,3929.7842
4162,1,1464442240,3930.4607
4163,1,1464442241,3929.721
4164,1,1464442243,3929.3113
4165,1,1464442244,3930.1182
4166,1,1464442245,3928.7742
4167,1,1464442247,3928.897
4168,1,1464442248,3927.7795
4169,1,1464442250,3928.4636
4170,1,1464442251,3927.74
4171,1,1464442253,3927.3982
4172,1,1464442254,3927.2466
4173,1,1464442256,3925.2532
4174,1,1464442257,3923.2844
4175,1,1464442259,3923.556
4176,1,1464442260,3923.322
4177,1,1464442261,3923.8926
4178,1,1464442263,3921.094
4179,1,1464442264,3921.3372
4180,1,1464442266,3920.1287
4181,1,1464442267,3920.7476
4182,1,1464442269,3920.8828
4183,1,1464442270,3917.7832
4184,1,1464442272,3918.022
4185,1,1464442273,3917.8413
4186,1,1464442275,3917.6191
4187,1,1464442276,3916.401
4188,1,1464442277,3915.778
4189,1,1464442279,3916.6711
4190,1,1464442280,3917.2432
4191,1,1464442282,3916.6138
4192,1,1464442283,3917.0037
4193,1,1464442285,3916.518
4194,1,1464442286,3916.7344
4195,1,1464442288,3914.3733
4196,1,1464442289,3915.5117
4197,1,1464442291,3916.1785
4198,1,1464442292,3913.9597
4199,1,1464442293,3915.036
4200,1,1464442295,3914.5564
4201,1,1464442296,3914.18
4202,1,1464442298,3915.541
4203,1,1464442299,3914.3718
4204,1,1464442301,3913.411
4205,1,1464442302,3913.0173
4206,1,1464442304,3911.6858
4207,1,1464442305,3912.8945
4208,1,1464442307,3909.5222
4209,1,1464442308,3910.2993
4210,1,1464442310,3909.8528
4211,1,1464442311,3906.746
4212,1,1464442312,3905.4465
4213,1,1464442314,3904.304
4214,1,1464442315,3906.8323
4215,1,1464442317,3907.5261
4216,1,1464442318,3908.3174
4217,1,1464442320,3907.8164
4218,1,1464442321,3907.8123
4219,1,1464442323,3903.61
4220,1,1464442324,3903.0154
4221,1,1464442326,3902.2615
4222,1,1464442327,3905.6016
4223,1,1464442328,3902.4072
4224,1,1464442330,3897.0957
4225,1,1464442331,3895.8164
4226,1,1464442333,3894.6216
4227,1,1464442334,3897.177
4228,1,1464442336,3895.2556
4229,1,1464442337,3896.5103
4230,1,1464442339,3894.1843
4231,1,1464442340,3893.8704
4232,1,1464442342,3893.8743
4233,1,1464442343,3892.2598
4234,1,1464442344,3890.323
4235,1,1464442346,3890.6836
4236,1,1464442347,3890.7563
4237,1,1464442349,3890.7227
4238,1,1464442350,3891.8005
4239,1,1464442352,3890.734
4240,1,1464442353,3890.641
4241,1,1464442355,3892.8274
4242,1,1464442356,3891.2505
4243,1,1464442358,3892.0217
4244,1,1464442359,3893.1555
4245,1,1464442361,3892.158
4246,1,1464442362,3892.1677
4247,1,1464442363,3893.0972
4248,1,1464442365,3888.067
4249,1,1464442366,3886.573
4250,1,1464442368,3884.4888
4251,1,1464442369,3883.2046
4252,1,1464442371,3883.5845
4253,1,1464442372,3882.8328
4254,1,1464442374,3885.619
4255,1,1464442375,3883.3525
4256,1,1464442377,3884.8176
4257,1,1464442378,3884.4048
4258,1,1464442379,3885.1497
4259,1,1464442381,3887.9067
4260,1,1464442382,3891.0388
4261,1,1464442384,3890.0745
4262,1,1464442385,3891.8638
4263,1,1464442387,3893.1135
4264,1,1464442388,3892.7783
4265,1,1464442390,3892.2324
4266,1,1464442391,3892.213
4267,1,1464442393,3891.8801
4268,1,1464442394,3892.069
4269,1,1464442395,3890.8713
4270,1,1464442397,3890.8665
4271,1,1464442398,3888.512
4272,1,1464442400,3887.908
4273,1,1464442401,3887.5962
4274,1,1464442403,3886.3098
4275,1,1464442404,3887.7883
4276,1,1464442406,3887.6865
4277,1,1464442407,3887.8186
4278,1,1464442409,3888.9314
4279,1,1464442410,3889.9233
4280,1,1464442412,3889.5957
4281,1,1464442413,3888.8394
4282,1,1464442414,3887.3809
4283,1,1464442416,3887.0889
4284,1,1464442417,3888.0452
4285,1,1464442419,3887.712
4286,1,1464442420,3886.9263
4287,1,1464442422,3888.479
4288,1,1464442423,3886.7893
4289,1,1464442425,3887.3975
4290,1,1464442426,3887.9927
4291,1,1464442428,3886.302
4292,1,1464442429,3887.5857
4293,1,1464442430,3887.6875
4294,1,1464442432,3886.4485
4295,1,1464442433,3886.3538
4296,1,1464442435,3886.818
4297,1,1464442436,3887.667
4298,1,1464442438,3886.3923
4299,1,1464442439,3886.519
4300,1,1464442441,3887.5195
4301,1,1464442442,3887.839
4302,1,1464442444,3888.4895
4303,1,1464442445,3889.3984
4304,1,1464442446,3888.9236
4305,1,1464442448,3890.1704
4306,1,1464442449,3890.913
4307,1,1464442451,3889.3257
4308,1,1464442452,3890.3174
4309,1,1464442454,3891.2617
4310,1,1464442455,3888.4187
4311,1,1464442457,3888.3948
4312,1,1464442458,3887.4578
4313,1,1464442460,3886.6355
4314,1,1464442461,3887.4587
4315,1,1464442462,3885.8442
4316,1,1464442464,3888.9539
4317,1,1464442465,3889.7922
4318,1,1464442467,3889.048
4319,1,1464442468,3887.2727
4320,1,1464442470,3887.2168
4321,1,1464442471,3886.3945
4322,1,1464442473,3886.0732
4323,1,1464442474,3886.22
4324,1,1464442476,3886.467
4325,1,1464442477,3885.639
4326,1,1464442479,3886.1055
4327,1,1464442480,3885.69
4328,1,1464442481,3884.751
4329,1,1464442483,3883.498
4330,1,1464442484,3885.5757
4331,1,1464442486,3883.4001
4332,1,1464442487,3884.2156
4333,1,1464442489,3882.196
4334,1,1464442490,3882.647
4335,1,1464442492,3881.7556
4336,1,1464442493,3880.2534
4337,1,1464442495,3877.2126
4338,1,1464442496,3870.9773
4339,1,1464442497,3869.8748
4340,1,1464442499,3870.9612
4341,1,1464442500,3872.0566
4342,1,1464442502,3873.4634
4343,1,1464442503,3874.1157
4344,1,1464442505,3875.4802
4345,1,1464442506,3874.4507
4346,1,1464442508,3874.228
4347,1,1464442509,3872.6184
4348,1,1464442511,3872.769
4349,1,1464442512,3874.833
4350,1,1464442513,3872.5586
4351,1,1464442515,3873.4578
4352,1,1464442516,3875.3376
4353,1,1464442518,3878.0728
4354,1,1464442519,3877.2302
4355,1,1464442521,3879.0837
4356,1,1464442522,3881.4758
4357,1,1464442524,3881.4277
4358,1,1464442525,3880.2822
4359,1,1464442527,3880.5854
4360,1,1464442528,3880.0054
4361,1,1464442530,3881.2393
4362,1,1464442531,3880.2507
4363,1,1464442532,3879.359
4364,1,1464442534,3879.142
4365,1,1464442535,3879.0647
4366,1,1464442537,3880.1172
4367,1,1464442538,3879.4368
4368,1,1464442540,3878.5913
4369,1,1464442541,3879.5479
4370,1,1464442543,3878.4453
4371,1,1464442544,3879.2437
4372,1,1464442546,3878.2917
4373,1,1464442547,3876.9478
4374,1,1464442548,3878.6484
4375,1,1464442550,3877.4187
4376,1,1464442551,3877.2012
4377,1,1464442553,3874.9185
4378,1,1464442554,3875.2585
4379,1,1464442556,3875.177
4380,1,1464442557,3874.8743
4381,1,1464442559,3874.6023
4382,1,1464442560,3875.4546
4383,1,1464442562,3874.154
4384,1,1464442563,3874.8381
4385,1,1464442564,3874.5728
4386,1,1464442566,3874.0105
4387,1,1464442567,3875.019
4388,1,1464442569,3874.8096
4389,1,1464442570,3873.3853
4390,1,1464442572,3875.5068
4391,1,1464442573,3875.2102
4392,1,1464442575,3873.9229
4393,1,1464442576,3872.0823
4394,1,1464442578,3873.7498
4395,1,1464442579,3869.254
4396,1,1464442581,3868.5461
4397,1,1464442582,3868.3801
4398,1,1464442583,3869.0134
4399,1,1464442585,3866.9502
4400,1,1464442586,3867.188
4401,1,1464442588,3869.8188
4402,1,1464442589,3867.6792
4403,1,1464442591,3869.701
4404,1,1464442592,3870.0068
4405,1,1464442594,3868.4146
4406,1,1464442595,3869.5354
4407,1,1464442597,3869.8296
4408,1,1464442598,3870.3613
4409,1,1464442599,3870.7012
4410,1,1464442601,3872.0444
4411,1,1464442602,3872.457
4412,1,1464442604,3873.0803
4413,1,1464442605,3872.795
4414,1,1464442607,3872.8164
4415,1,1464442608,3873.164
4416,1,1464442610,3873.2473
4417,1,1464442611,3872.0127
4418,1,1464442613,3872.0867
4419,1,1464442614,3871.6248
4420,1,1464442615,3873.8655
4421,1,1464442617,3872.68
4422,1,1464442618,3870.9966
4423,1,1464442620,3872.1384
4424,1,1464442621,3873.524
4425,1,1464442623,3873.7886
4426,1,1464442624,3873.3604
4427,1,1464442626,3872.9915
4428,1,1464442627,3873.697
4429,1,1464442629,3871.9907
4430,1,1464442630,3872.9531
4431,1,1464442632,3872.462
4432,1,1464442633,3872.091
4433,1,1464442634,3871.3647
4434,1,1464442636,3871.8384
4435,1,1464442637,3869.5425
4436,1,1464442639,3871.4756
4437,1,1464442640,3872.0518
4438,1,1464442642,3872.2708
4439,1,1464442643,3872.824
4440,1,1464442645,3870.2908
4441,1,1464442646,3872.6404
4442,1,1464442648,3873.7078
4443,1,1464442649,3872.779
4444,1,1464442650,3873.4246
4445,1,1464442652,3872.2495
4446,1,1464442653,3874.23
4447,1,1464442655,3872.962
4448,1,1464442656,3873.736
4449,1,1464442658,3873.8203
4450,1,1464442659,3873.007
4451,1,1464442661,3872.4385
4452,1,1464442662,3869.9907
4453,1,1464442664,3871.2917
4454,1,1464442665,3871.2078
4455,1,1464442666,3870.1272
4456,1,1464442668,3870.6565
4457,1,1464442669,3868.7246
4458,1,1464442671,3869.3733
4459,1,1464442672,3867.507
4460,1,1464442674,3867.6492
4461,1,1464442675,3867.2856
4462,1,1464442677,3865.838
4463,1,1464442678,3867.1113
4464,1,1464442680,3867.197
4465,1,1464442681,3865.8887
4466,1,1464442682,3866.6155
4467,1,1464442684,3866.522
4468,1,1464442685,3867.2715
4469,1,1464442687,3865.0088
4470,1,1464442688,3865.9695
4471,1,1464442690,3865.8638
4472,1,1464442691,3866.8013
4473,1,1464442693,3867.6345
4474,1,1464442694,3866.803
4475,1,1464442696,3867.5703
4476,1,1464442697,3865.5664
4477,1,1464442699,3866.5542
4478,1,1464442700,3865.8862
4479,1,1464442701,3865.2651
4480,1,1464442703,3866.6604
4481,1,1464442704,3864.9084
4482,1,1464442706,3866.5723
4483,1,1464442707,3866.7104
4484,1,1464442709,3867.0876
4485,1,1464442710,3867.2625
4486,1,1464442712,3866.052
4487,1,1464442713,3865.5205
4488,1,1464442715,3866.354
4489,1,1464442716,3865.8708
4490,1,1464442717,3862.8496
4491,1,1464442719,3864.6592
4492,1,1464442720,3863.706
4493,1,1464442722,3864.3901
4494,1,1464442723,3863.0227
4495,1,1464442725,3863.1711
4496,1,1464442726,3862.745
4497,1,1464442728,3861.5098
4498,1,1464442729,3861.5935
4499,1,1464442731,3861.3933
4500,1,1464442732,3860.3293
4501,1,1464442733,3860.0774
4502,1,1464442735,3860.3525
4503,1,1464442736,3858.493
4504,1,1464442738,3856.2717
4505,1,1464442739,3856.4077
4506,1,1464442741,3855.1538
4507,1,1464442742,3854.7573
4508,1,1464442744,3855.2307
4509,1,1464442745,3854.1743
4510,1,1464442747,3854.4468
4511,1,1464442748,3852.7332
4512,1,1464442750,3853.4949
4513,1,1464442751,3853.1682
4514,1,1464442752,3853.8567
4515,1,1464442754,3854.123
4516,1,1464442755,3853.5378
4517,1,1464442757,3854.0789
4518,1,1464442758,3851.7637
4519,1,1464442760,3852.4133
4520,1,1464442761,3850.9993
4521,1,1464442763,3851.0679
4522,1,1464442764,3851.0732
4523,1,1464442766,3851.45
4524,1,1464442767,3851.075
4525,1,1464442768,3851.5688
4526,1,1464442770,3851.3784
4527,1,1464442771,3851.921
4528,1,1464442773,3852.1304
4529,1,1464442774,3851.4143
4530,1,1464442776,3851.4275
4531,1,1464442777,3849.718
4532,1,1464442779,3849.4275
4533,1,1464442780,3849.5786
4534,1,1464442782,3850.1858
4535,1,1464442783,3848.3186
4536,1,1464442784,3850.1829
4537,1,1464442786,3851.0923
4538,1,1464442787,3849.0693
4539,1,1464442789,3849.5337
4540,1,1464442790,3851.063
4541,1,1464442792,3850.6782
4542,1,1464442793,3850.4102
4543,1,1464442795,3849.6394
4544,1,1464442796,3849.5417
4545,1,1464442798,3850.2292
4546,1,1464442799,3848.785
4547,1,1464442801,3849.054
4548,1,1464442802,3849.2883
4549,1,1464442803,3848.6765
4550,1,1464442805,3848.0742
4551,1,1464442806,3847.8306
4552,1,1464442808,3848.4385
4553,1,1464442809,3848.1497
4554,1,1464442811,3849.6287
4555,1,1464442812,3849.0913
4556,1,1464442814,3849.1584
4557,1,1464442815,3849.1702
4558,1,1464442817,3847.9392
4559,1,1464442818,3849.0044
4560,1,1464442819,3848.7383
4561,1,1464442821,3847.5925
4562,1,1464442822,3848.3105
4563,1,1464442824,3846.6777
4564,1,1464442825,3847.1736
4565,1,1464442827,3848.6619
4566,1,1464442828,3847.905
4567,1,1464442830,3847.1216
4568,1,1464442831,3848.1667
4569,1,1464442833,3847.2551
4570,1,1464442834,3847.5745
4571,1,1464442835,3848.6748
4572,1,1464442837,3848.2573
4573,1,1464442838,3846.8008
4574,1,1464442840,3846.3271
4575,1,1464442841,3848.2654
4576,1,1464442843,3845.014
4577,1,1464442844,3844.6436
4578,1,1464442846,3845.5222
4579,1,1464442847,3843.6587
4580,1,1464442849,3845.2734
4581,1,1464442850,3845.3823
4582,1,1464442851,3845.6023
4583,1,1464442853,3845.427
4584,1,1464442854,3845.5479
4585,1,1464442856,3843.9539
4586,1,1464442857,3844.8574
4587,1,1464442859,3844.9783
4588,1,1464442860,3844.7314
4589,1,1464442862,3843.3972
4590,1,1464442863,3843.6448
4591,1,1464442865,3844.259
4592,1,1464442866,3844.314
4593,1,1464442868,3843.287
4594,1,1464442869,3843.9307
4595,1,1464442870,3842.4019
4596,1,1464442872,3844.3845
4597,1,1464442873,3843.316
4598,1,1464442875,3844.1458
4599,1,1464442876,3844.1548
4600,1,1464442878,3843.2324
4601,1,1464442879,3843.897
4602,1,1464442881,3843.1086
4603,1,1464442882,3842.8342
4604,1,1464442884,3843.0864
4605,1,1464442885,3842.847
4606,1,1464442886,3841.494
4607,1,1464442888,3842.5073
4608,1,1464442889,3841.0715
4609,1,1464442891,3840.6606
4610,1,1464442892,3841.8835
4611,1,1464442894,3843.6294
4612,1,1464442895,3841.8538
4613,1,1464442897,3842.6042
4614,1,1464442898,3840.709
4615,1,1464442900,3841.934
4616,1,1464442901,3842.6272
4617,1,1464442902,3840.9487
4618,1,1464442904,3842.0166
4619,1,1464442905,3841.732
4620,1,1464442907,3840.67
4621,1,1464442908,3839.5623
4622,1,1464442910,3841.4534
4623,1,1464442911,3840.1853
4624,1,1464442913,3840.7656
4625,1,1464442914,3840.496
4626,1,1464442916,3841.0193
4627,1,1464442917,3841.2664
4628,1,1464442919,3840.2166
4629,1,1464442920,3839.2024
4630,1,1464442921,3838.5
4631,1,1464442923,3841.5593
4632,1,1464442924,3839.9817
4633,1,1464442926,3840.4414
4634,1,1464442927,3839.5835
4635,1,1464442929,3839.5422
4636,1,1464442930,3839.9841
4637,1,1464442932,3840.1729
4638,1,1464442933,3840.7993
4639,1,1464442935,3838.9941
4640,1,1464442936,3840.0093
4641,1,1464442937,3839.228
4642,1,1464442939,3838.9258
4643,1,1464442940,3839.0146
4644,1,1464442942,3839.9917
4645,1,1464442943,3840.1355
4646,1,1464442945,3839.9617
4647,1,1464442946,3839.154
4648,1,1464442948,3839.0833
4649,1,1464442949,3839.9004
4650,1,1464442951,3839.8953
4651,1,1464442952,3837.5056
4652,1,1464442953,3839.9885
4653,1,1464442955,3837.13
4654,1,1464442956,3837.4565
4655,1,1464442958,3838.8513
4656,1,1464442959,3838.2222
4657,1,1464442961,3837.6199
4658,1,1464442962,3837.9817
4659,1,1464442964,3837.8843
4660,1,1464442965,3835.6416
4661,1,1464442967,3838.299
4662,1,1464442968,3838.1257
4663,1,1464442970,3836.6846
4664,1,1464442971,3837.2568
4665,1,1464442972,3836.4421
4666,1,1464442974,3837.4956
4667,1,1464442975,3837.2341
4668,1,1464442977,3838.1348
4669,1,1464442978,3837.8503
4670,1,1464442980,3836.1165
4671,1,1464442981,3837.4912
4672,1,1464442983,3835.4526
4673,1,1464442984,3834.053
4674,1,1464442986,3835.6956
4675,1,1464442987,3835.2742
4676,1,1464442988,3836.356
4677,1,1464442990,3834.9265
4678,1,1464442991,3835.2256
4679,1,1464442993,3834.1826
4680,1,1464442994,3836.1501
4681,1,1464442996,3835.0325
4682,1,1464442997,3835.034
4683,1,1464442999,3836.0461
4684,1,1464443000,3835.6567
4685,1,1464443002,3836.0762
4686,1,1464443003,3835.141
4687,1,1464443004,3835.3335
4688,1,1464443006,3834.6562
4689,1,1464443007,3833.966
4690,1,1464443009,3833.895
4691,1,1464443010,3834.651
4692,1,1464443012,3834.6936
4693,1,1464443013,3834.3384
4694,1,1464443015,3834.08
4695,1,1464443016,3833.3677
4696,1,1464443018,3834.4731
4697,1,1464443019,3835.583
4698,1,1464443021,3833.9924
4699,1,1464443022,3832.9014
4700,1,1464443023,3835.2507
4701,1,1464443025,3835.6733
4702,1,1464443026,3834.0195
4703,1,1464443028,3833.8818
4704,1,1464443029,3833.2532
4705,1,1464443031,3833.9167
4706,1,1464443032,3833.3877
4707,1,1464443034,3833.6694
4708,1,1464443035,3831.5713
4709,1,1464443037,3833.7686
4710,1,1464443038,3834.5059
4711,1,1464443039,3832.4114
4712,1,1464443041,3832.6433
4713,1,1464443042,3833.5764
4714,1,1464443044,3833.441
4715,1,1464443045,3834.2322
4716,1,1464443047,3831.9905
4717,1,1464443048,3833.643
4718,1,1464443050,3833.6133
4719,1,1464443051,3833.675
4720,1,1464443053,3833.9817
4721,1,1464443054,3832.1526
4722,1,1464443055,3833.3904
4723,1,1464443057,3833.799
4724,1,1464443058,3831.301
4725,1,1464443060,3830.808
4726,1,1464443061,3830.605
4727,1,1464443063,3833.167
4728,1,1464443064,3833.0945
4729,1,1464443066,3834.6943
4730,1,1464443067,3834.178
4731,1,1464443069,3832.9512
4732,1,1464443070,3832.635
4733,1,1464443071,3832.9976
4734,1,1464443073,3832.87
4735,1,1464443074,3831.1929
4736,1,1464443076,3832.5054
4737,1,1464443077,3831.6277
4738,1,1464443079,3833.0337
4739,1,1464443080,3831.404
4740,1,1464443082,3831.8215
4741,1,1464443083,3830.8987
4742,1,1464443085,3830.9473
4743,1,1464443086,3831.314
4744,1,1464443088,3833.9395
4745,1,1464443089,3831.058
4746,1,1464443090,3835.1116
4747,1,1464443092,3838.778
4748,1,1464443093,3838.4941
4749,1,1464443095,3838.0918
4750,1,1464443096,3837.4548
4751,1,1464443098,3835.8276
4752,1,1464443099,3831.453
4753,1,1464443101,3828.5808
4754,1,1464443102,3827.505
4755,1,1464443104,3830.594
4756,1,1464443105,3831.0266
4757,1,1464443106,3833.146
4758,1,1464443108,3832.9219
4759,1,1464443109,3834.0144
4760,1,1464443111,3836.0083
4761,1,1464443112,3835.834
4762,1,1464443114,3835.536
4763,1,1464443115,3833.1968
4764,1,1464443117,3833.7683
4765,1,1464443118,3835.3586
4766,1,1464443120,3833.9402
4767,1,1464443121,3834.5454
4768,1,1464443122,3833.3767
4769,1,1464443124,3833.1763
4770,1,1464443125,3835.1545
4771,1,1464443127,3833.1348
4772,1,1464443128,3833.8877
4773,1,1464443130,3832.388
4774,1,1464443131,3830.4321
4775,1,1464443133,3830.2551
4776,1,1464443134,3830.0762
4777,1,1464443136,3829.7607
4778,1,1464443137,3831.5764
4779,1,1464443139,3829.3005
4780,1,1464443140,3827.0813
4781,1,1464443141,3828.49
4782,1,1464443143,3829.267
4783,1,1464443144,3828.999
4784,1,1464443146,3830.803
4785,1,1464443147,3829.3696
4786,1,1464443149,3830.39
4787,1,1464443150,3828.6853
4788,1,1464443152,3828.0435
4789,1,1464443153,3829.1824
4790,1,1464443155,3829.7349
4791,1,1464443156,3829.6592
4792,1,1464443157,3829.6274
4793,1,1464443159,3827.9612
4794,1,1464443160,3829.5369
4795,1,1464443162,3829.2136
4796,1,1464443163,3827.7231
4797,1,1464443165,3828.85
4798,1,1464443166,3829.2366
4799,1,1464443168,3830.8787
4800,1,1464443169,3830.3455
4801,1,1464443171,3828.4844
4802,1,1464443172,3828.9194
4803,1,1464443173,3828.5935
4804,1,1464443175,3827.2192
4805,1,1464443176,3828.0083
4806,1,1464443178,3828.655
4807,1,1464443179,3827.1292
4808,1,1464443181,3828.0393
4809,1,1464443182,3827.8574
4810,1,1464443184,3827.6802
4811,1,1464443185,3828.8406
4812,1,1464443187,3829.3413
4813,1,1464443188,3828.1787
4814,1,1464443190,3827.1602
4815,1,1464443191,3827.4553
4816,1,1464443192,3828.0957
4817,1,1464443194,3827.9656
4818,1,1464443195,3827.157
4819,1,1464443197,3827.0608
4820,1,1464443198,3827.987
4821,1,1464443200,3826.296
4822,1,1464443201,3828.2605
4823,1,1464443203,3827.4583
4824,1,1464443204,3828.3772
4825,1,1464443206,3827.1077
4826,1,1464443207,3827.0815
4827,1,1464443208,3827.0393
4828,1,1464443210,3826.7642
4829,1,1464443211,3828.089
4830,1,1464443213,3827.6777
4831,1,1464443214,3826.6367
4832,1,1464443216,3825.7847
4833,1,1464443217,3827.1304
4834,1,1464443219,3825.9495
4835,1,1464443220,3826.713
4836,1,1464443222,3825.3662
4837,1,1464443223,3824.9104
4838,1,1464443224,3824.9907
4839,1,1464443226,3826.0786
4840,1,1464443227,3827.044
4841,1,1464443229,3826.2393
4842,1,1464443230,3827.2974
4843,1,1464443232,3826.189
4844,1,1464443233,3825.4773
4845,1,1464443235,3825.5115
4846,1,1464443236,3826.821
4847,1,1464443238,3826.1492
4848,1,1464443239,3825.4214
4849,1,1464443241,3825.4385
4850,1,1464443242,3824.3213
4851,1,1464443243,3826.318
4852,1,1464443245,3824.197
4853,1,1464443246,3826.5117
4854,1,1464443248,3826.8472
4855,1,1464443249,3826.4597
4856,1,1464443251,3824.6162
4857,1,1464443252,3825.2942
4858,1,1464443254,3825.3433
4859,1,1464443255,3824.6897
4860,1,1464443257,3824.831
4861,1,1464443258,3823.0884
4862,1,1464443259,3824.9666
4863,1,1464443261,3825.7795
4864,1,1464443262,3825.9224
4865,1,1464443264,3824.626
4866,1,1464443265,3823.9595
4867,1,1464443267,3824.02
4868,1,1464443268,3823.1084
4869,1,1464443270,3824.1545
4870,1,1464443271,3820.8848
4871,1,1464443273,3819.8208
4872,1,1464443274,3819.0967
4873,1,1464443275,3820.7954
4874,1,1464443277,3821.9756
4875,1,1464443278,3822.832
4876,1,1464443280,3822.4102
4877,1,1464443281,3821.5696
4878,1,1464443283,3823.2146
4879,1,1464443284,3820.173
4880,1,1464443286,3821.246
4881,1,1464443287,3822.8596
4882,1,1464443289,3822.3853
4883,1,1464443290,3824.2026
4884,1,1464443291,3823.5022
4885,1,1464443293,3824.6584
4886,1,1464443294,3824.2217
4887,1,1464443296,3825.7246
4888,1,1464443297,3825.6882
4889,1,1464443299,3826.37
4890,1,1464443300,3826.2598
4891,1,1464443302,3824.5483
4892,1,1464443303,3826.4941
4893,1,1464443305,3824.4556
4894,1,1464443306,3824.9707
4895,1,1464443308,3824.484
4896,1,1464443309,3825.056
4897,1,1464443310,3823.8962
4898,1,1464443312,3822.6284
4899,1,1464443313,3823.5303
4900,1,1464443315,3823.6462
4901,1,1464443316,3822.9834
4902,1,1464443318,3821.3875
4903,1,1464443319,3823.8213
4904,1,1464443321,3822.3638
4905,1,1464443322,3823.973
4906,1,1464443324,3822.1233
4907,1,1464443325,3823.4263
4908,1,1464443326,3822.4897
4909,1,1464443328,3822.3062
4910,1,1464443329,3822.6294
4911,1,1464443331,3825.1965
4912,1,1464443332,3823.311
4913,1,1464443334,3820.7402
4914,1,1464443335,3822.9734
4915,1,1464443337,3822.2979
4916,1,1464443338,3822.3508
4917,1,1464443340,3822.5994
4918,1,1464443341,3822.5781
4919,1,1464443342,3822.151
4920,1,1464443344,3821.2947
4921,1,1464443345,3822.4207
4922,1,1464443347,3821.7512
4923,1,1464443348,3823.1692
4924,1,1464443350,3823.2922
4925,1,1464443351,3822.4133
4926,1,1464443353,3823.1157
4927,1,1464443354,3820.3071
4928,1,1464443356,3821.294
4929,1,1464443357,3820.362
4930,1,1464443359,3821.0208
4931,1,1464443360,3819.7898
4932,1,1464443361,3821.9666
4933,1,1464443363,3821.9749
4934,1,1464443364,3820.2878
4935,1,1464443366,3821.2256
4936,1,1464443367,3821.8938
4937,1,1464443369,3822.0269
4938,1,1464443370,3820.968
4939,1,1464443372,3820.121
4940,1,1464443373,3820.4133
4941,1,1464443375,3821.124
4942,1,1464443376,3822.2456
4943,1,1464443377,3822.2822
4944,1,1464443379,3822.2576
4945,1,1464443380,3819.747
4946,1,1464443382,3821.0427
4947,1,1464443383,3820.696
4948,1,1464443385,3820.4243
4949,1,1464443386,3821.8188
4950,1,1464443388,3821.731
4951,1,1464443389,3820.7373
4952,1,1464443391,3821.0264
4953,1,1464443392,3822.2192
4954,1,1464443393,3821.7456
4955,1,1464443395,3820.0837
4956,1,1464443396,3820.0706
4957,1,1464443398,3820.282
4958,1,1464443399,3820.9795
4959,1,1464443401,3819.21
4960,1,1464443402,3819.4624
4961,1,1464443404,3819.771
4962,1,1464443405,3819.2688
4963,1,1464443407,3820.7947
4964,1,1464443408,3820.4878
4965,1,1464443410,3821.889
4966,1,1464443411,3820.8323
4967,1,1464443412,3820.3545
4968,1,1464443414,3819.292
4969,1,1464443415,3820.5774
4970,1,1464443417,3819.605
4971,1,1464443418,3820.594
4972,1,1464443420,3820.0154
4973,1,1464443421,3819.216
4974,1,1464443423,3819.7556
4975,1,1464443424,3820.801
4976,1,1464443426,3818.5737
4977,1,1464443427,3818.9854
4978,1,1464443428,3818.9258
4979,1,1464443430,3818.8853
4980,1,1464443431,3818.6167
4981,1,1464443433,3819.546
4982,1,1464443434,3819.3152
4983,1,1464443436,3817.3687
4984,1,1464443437,3817.7002
4985,1,1464443439,3818.5027
4986,1,1464443440,3818.0864
4987,1,1464443442,3819.6448
4988,1,1464443443,3817.386
4989,1,1464443444,3818.143
4990,1,1464443446,3818.3347
4991,1,1464443447,3818.6375
4992,1,1464443449,3819.6191
4993,1,1464443450,3818.571
4994,1,1464443452,3817.7332
4995,1,1464443453,3817.303
4996,1,1464443455,3818.5984
4997,1,1464443456,3817.6436
4998,1,1464443458,3816.337
4999,1,1464443459,3816.0894
5000,1,1464443460,3816.6226
5001,1,1464443462,3817.1802
5002,1,1464443463,3816.99
5003,1,1464443465,3818.3823
5004,1,1464443466,3817.8655
5005,1,1464443468,3817.1235
5006,1,1464443469,3817.4275
5007,1,1464443471,3816.8184
5008,1,1464443472,3815.9075
5009,1,1464443474,3818.0103
5010,1,1464443475,3817.8818
5011,1,1464443477,3818.378
5012,1,1464443478,3817.334
5013,1,1464443479,3816.3923
5014,1,1464443481,3818.6777
5015,1,1464443482,3818.2947
5016,1,1464443484,3817.3726
5017,1,1464443485,3817.4333
5018,1,1464443487,3817.9258
5019,1,1464443488,3817.33
5020,1,1464443490,3817.9333
5021,1,1464443491,3817.104
5022,1,1464443493,3816.235
5023,1,1464443494,3815.876
5024,1,1464443495,3816.2837
5025,1,1464443497,3817.9114
5026,1,1464443498,3816.2688
5027,1,1464443500,3816.6196
5028,1,1464443501,3815.984
5029,1,1464443503,3815.725
5030,1,1464443504,3816.502
5031,1,1464443506,3816.9292
5032,1,1464443507,3816.9858
5033,1,1464443509,3815.845
5034,1,1464443510,3815.349
5035,1,1464443511,3817.028
5036,1,1464443513,3814.8267
5037,1,1464443514,3815.6526
5038,1,1464443516,3816.4658
5039,1,1464443517,3815.8247
5040,1,1464443519,3814.2646
5041,1,1464443520,3815.041
5042,1,1464443522,3815.0066
5043,1,1464443523,3814.661
5044,1,1464443525,3814.7322
5045,1,1464443526,3815.0337
5046,1,1464443528,3815.58
5047,1,1464443529,3813.9668
5048,1,1464443530,3814.5
5049,1,1464443532,3813.7156
5050,1,1464443533,3813.6
5051,1,1464443535,3814.9878
5052,1,1464443536,3815.3289
5053,1,1464443538,3815.1904
5054,1,1464443539,3814.4622
5055,1,1464443541,3814.5427
5056,1,1464443542,3814.6611
5057,1,1464443544,3814.1362
5058,1,1464443545,3814.108
5059,1,1464443546,3813.7275
5060,1,1464443548,3812.8423
5061,1,1464443549,3813.662
5062,1,1464443551,3812.7932
5063,1,1464443552,3814.3726
5064,1,1464443554,3811.0483
5065,1,1464443555,3812.6453
5066,1,1464443557,3810.7354
5067,1,1464443558,3813.1047
5068,1,1464443560,3813.9097
5069,1,1464443561,3812.7478
5070,1,1464443562,3811.6763
5071,1,1464443564,3811.7776
5072,1,1464443565,3812.2764
5073,1,1464443567,3810.8394
5074,1,1464443568,3812.1765
5075,1,1464443570,3812.312
5076,1,1464443571,3812.1487
5077,1,1464443573,3811.7935
5078,1,1464443574,3811.2712
5079,1,1464443576,3810.932
5080,1,1464443577,3809.8022
5081,1,1464443579,3810.64
5082,1,1464443580,3811.0964
5083,1,1464443581,3811.4832
5084,1,1464443583,3810.4626
5085,1,1464443584,3811.1113
5086,1,1464443586,3811.6694
5087,1,1464443587,3810.1829
5088,1,1464443589,3810.57
5089,1,1464443590,3811.8354
5090,1,1464443592,3811.5642
5091,1,1464443593,3811.508
5092,1,1464443595,3812.0786
5093,1,1464443596,3811.485
5094,1,1464443597,3809.396
5095,1,1464443599,3811.9646
5096,1,1464443600,3809.8818
5097,1,1464443602,3810.6084
5098,1,1464443603,3810.6917
5099,1,1464443605,3811.6965
5100,1,1464443606,3811.0994
5101,1,1464443608,3811.0813
5102,1,1464443609,3809.744
5103,1,1464443611,3810.0176
5104,1,1464443612,3807.999
5105,1,1464443613,3810.0515
5106,1,1464443615,3809.5322
5107,1,1464443616,3809.3716
5108,1,1464443618,3808.6257
5109,1,1464443619,3810.0916
5110,1,1464443621,3811.0806
5111,1,1464443622,3809.8838
5112,1,1464443624,3808.018
5113,1,1464443625,3809.6094
5114,1,1464443627,3809.199
5115,1,1464443628,3810.5063
5116,1,1464443630,3810.6318
5117,1,1464443631,3811.002
5118,1,1464443632,3810.6055
5119,1,1464443634,3809.8342
5120,1,1464443635,3810.7546
5121,1,1464443637,3810.7383
5122,1,1464443638,3809.443
5123,1,1464443640,3810.8037
5124,1,1464443641,3811.1604
5125,1,1464443643,3810.221
5126,1,1464443644,3809.3218
5127,1,1464443646,3810.1992
5128,1,1464443647,3810.442
5129,1,1464443648,3810.074
5130,1,1464443650,3809.7136
5131,1,1464443651,3809.5984
5132,1,1464443653,3808.5803
5133,1,1464443654,3809.6536
5134,1,1464443656,3808.339
5135,1,1464443657,3809.9114
5136,1,1464443659,3808.9126
5137,1,1464443660,3807.492
5138,1,1464443662,3809.4446
5139,1,1464443663,3808.0413
5140,1,1464443664,3808.7292
5141,1,1464443666,3808.3806
5142,1,1464443667,3808.7625
5143,1,1464443669,3809.725
5144,1,1464443670,3809.715
5145,1,1464443672,3809.5654
5146,1,1464443673,3810.3127
5147,1,1464443675,3809.525
5148,1,1464443676,3810.6018
5149,1,1464443678,3809.3247
5150,1,1464443679,3807.9539
5151,1,1464443680,3809.3594
5152,1,1464443682,3807.5557
5153,1,1464443683,3809.8472
5154,1,1464443685,3807.9307
5155,1,1464443686,3807.2036
5156,1,1464443688,3806.9814
5157,1,1464443689,3807.4402
5158,1,1464443691,3807.1902
5159,1,1464443692,3803.2405
5160,1,1464443694,3800.8425
5161,1,1464443695,3799.8665
5162,1,1464443697,3801.891
5163,1,1464443698,3798.4102
5164,1,1464443699,3798.857
5165,1,1464443701,3800.5989
5166,1,1464443702,3801.2307
5167,1,1464443704,3803.4346
5168,1,1464443705,3805.4272
5169,1,1464443707,3805.7637
5170,1,1464443708,3806.442
5171,1,1464443710,3806.5386
5172,1,1464443711,3805.786
5173,1,1464443713,3808.3523
5174,1,1464443714,3809.9624
5175,1,1464443715,3807.6936
5176,1,1464443717,3808.7097
5177,1,1464443718,3806.566
5178,1,1464443720,3806.5625
5179,1,1464443721,3804.9902
5180,1,1464443723,3805.1528
5181,1,1464443724,3805.3203
5182,1,1464443726,3805.7688
5183,1,1464443727,3806.2395
5184,1,1464443729,3806.3423
5185,1,1464443730,3806.5742
5186,1,1464443731,3807.671
5187,1,1464443733,3807.0774
5188,1,1464443734,3807.2769
5189,1,1464443736,3808.8406
5190,1,1464443737,3809.5374
5191,1,1464443739,3809.4263
5192,1,1464443740,3810.5154
5193,1,1464443742,3810.2444
5194,1,1464443743,3810.4043
5195,1,1464443745,3807.049
5196,1,1464443746,3808.5364
5197,1,1464443748,3809.3857
5198,1,1464443749,3807.0164
5199,1,1464443750,3806.468
5200,1,1464443752,3807.0708
5201,1,1464443753,3807.5566
5202,1,1464443755,3807.7532
5203,1,1464443756,3805.8267
5204,1,1464443758,3803.1477
5205,1,1464443759,3804.1248
5206,1,1464443761,3805.4907
5207,1,1464443762,3804.6086
5208,1,1464443764,3804.2
5209,1,1464443765,3804.244
5210,1,1464443766,3805.1895
5211,1,1464443768,3805.2334
5212,1,1464443769,3803.6184
5213,1,1464443771,3804.4194
5214,1,1464443772,3803.7048
5215,1,1464443774,3803.5208
5216,1,1464443775,3803.2385
5217,1,1464443777,3803.65
5218,1,1464443778,3802.4287
5219,1,1464443780,3801.2507
5220,1,1464443781,3802.348
5221,1,1464443782,3802.312
5222,1,1464443784,3800.2458
5223,1,1464443785,3802.7227
5224,1,1464443787,3801.1653
5225,1,1464443788,3800.4253
5226,1,1464443790,3801.2063
5227,1,1464443791,3800.854
5228,1,1464443793,3805.138
5229,1,1464443794,3803.6978
5230,1,1464443796,3803.7817
5231,1,1464443797,3802.9873
5232,1,1464443799,3802.0708
5233,1,1464443800,3803.0308
5234,1,1464443801,3805.103
5235,1,1464443803,3804.9282
5236,1,1464443804,3804.846
5237,1,1464443806,3803.0344
5238,1,1464443807,3801.9324
5239,1,1464443809,3804.2175
5240,1,1464443810,3801.197
5241,1,1464443812,3803.6
5242,1,1464443813,3805.2107
5243,1,1464443815,3803.0383
5244,1,1464443816,3802.3591
5245,1,1464443817,3802.551
5246,1,1464443819,3802.6272
5247,1,1464443820,3802.883
5248,1,1464443822,3802.9055
5249,1,1464443823,3801.4902
5250,1,1464443825,3802.5667
5251,1,1464443826,3802.221
5252,1,1464443828,3801.8135
5253,1,1464443829,3802.366
5254,1,1464443831,3800.8796
5255,1,1464443832,3798.849
5256,1,1464443833,3800.0579
5257,1,1464443835,3800.001
5258,1,1464443836,3799.5283
5259,1,1464443838,3799.4722
5260,1,1464443839,3801.2236
5261,1,1464443841,3800.9202
5262,1,1464443842,3801.9282
5263,1,1464443844,3800.3042
5264,1,1464443845,3799.83
5265,1,1464443847,3800.4941
5266,1,1464443848,3799.8538
5267,1,1464443850,3800.9644
5268,1,1464443851,3799.9512
5269,1,1464443852,3801.488
5270,1,1464443854,3801.6084
5271,1,1464443855,3803.0208
5272,1,1464443857,3801.2778
5273,1,1464443858,3800.5552
5274,1,1464443860,3801.3667
5275,1,1464443861,3800.2375
5276,1,1464443863,3802.0552
5277,1,1464443864,3802.6296
5278,1,1464443866,3800.421
5279,1,1464443867,3799.7185
5280,1,1464443868,3799.3352
5281,1,1464443870,3800.9294
5282,1,1464443871,3799.7458
5283,1,1464443873,3802.0527
5284,1,1464443874,3799.6572
5285,1,1464443876,3802.3586
5286,1,1464443877,3799.47
5287,1,1464443879,3798.341
5288,1,1464443880,3796.777
5289,1,1464443882,3797.4912
5290,1,1464443883,3798.39
5291,1,1464443884,3800.1912
5292,1,1464443886,3800.6829
5293,1,1464443887,3800.6929
5294,1,1464443889,3799.3403
5295,1,1464443890,3800.1333
5296,1,1464443892,3800.095
5297,1,1464443893,3801.079
5298,1,1464443895,3798.9814
5299,1,1464443896,3798.652
5300,1,1464443898,3798.2607
5301,1,1464443899,3798.875
5302,1,1464443900,3800.5574
5303,1,1464443902,3799.8613
5304,1,1464443903,3798.5557
5305,1,1464443905,3797.8862
5306,1,1464443906,3798.9124
5307,1,1464443908,3799.5037
5308,1,1464443909,3798.8225
5309,1,1464443911,3798.906
5310,1,1464443912,3799.58
5311,1,1464443914,3799.3467
5312,1,1464443915,3799.305
5313,1,1464443917,3798.4214
5314,1,1464443918,3800.4048
5315,1,1464443919,3798.8457
5316,1,1464443921,3799.0603
5317,1,1464443922,3798.88
5318,1,1464443924,3796.2737
5319,1,1464443925,3798.0408
5320,1,1464443927,3797.9614
5321,1,1464443928,3797.3481
5322,1,1464443930,3798.6345
5323,1,1464443931,3797.6636
5324,1,1464443933,3796.2727
5325,1,1464443934,3798.5474
5326,1,1464443935,3799.1028
5327,1,1464443937,3799.1445
5328,1,1464443938,3799.0388
5329,1,1464443940,3797.6555
5330,1,1464443941,3797.8394
5331,1,1464443943,3800.2725
5332,1,1464443944,3798.653
5333,1,1464443946,3798.332
5334,1,1464443947,3798.9626
5335,1,1464443949,3799.5483
5336,1,1464443950,3797.6826
5337,1,1464443951,3798.8352
5338,1,1464443953,3797.8657
5339,1,1464443954,3798.883
5340,1,1464443956,3797.572
5341,1,1464443957,3797.9648
5342,1,1464443959,3798.15
5343,1,1464443960,3796.9285
5344,1,1464443962,3798.632
5345,1,1464443963,3797.7175
5346,1,1464443965,3796.76
5347,1,1464443966,3797.3638
5348,1,1464443968,3798.0757
5349,1,1464443969,3797.673
5350,1,1464443970,3797.153
5351,1,1464443972,3797.8123
5352,1,1464443973,3797.4392
5353,1,1464443975,3796.679
5354,1,1464443976,3796.7097
5355,1,1464443978,3796.9656
5356,1,1464443979,3794.6897
5357,1,1464443981,3798.0864
5358,1,1464443982,3797.336
5359,1,1464443984,3795.8833
5360,1,1464443985,3796.9958
5361,1,1464443986,3796.8965
5362,1,1464443988,3798.2188
5363,1,1464443989,3796.3699
5364,1,1464443991,3797.5386
5365,1,1464443992,3795.8513
5366,1,1464443994,3797.626
5367,1,1464443995,3796.6594
5368,1,1464443997,3797.2722
5369,1,1464443998,3795.4648
5370,1,1464444000,3797.9287
5371,1,1464444001,3797.2588
5372,1,1464444002,3796.9897
5373,1,1464444004,3795.6965
5374,1,1464444005,3797.1492
5375,1,1464444007,3796.9436
5376,1,1464444008,3795.8398
5377,1,1464444010,3794.2285
5378,1,1464444011,3796.196
5379,1,1464444013,3795.6223
5380,1,1464444014,3795.276
5381,1,1464444016,3796.116
5382,1,1464444017,3794.946
5383,1,1464444019,3795.8394
5384,1,1464444020,3795.5447
5385,1,1464444021,3795.976
5386,1,1464444023,3796.2288
5387,1,1464444024,3795.4407
5388,1,1464444026,3795.9487
5389,1,1464444027,3795.372
5390,1,1464444029,3796.9353
5391,1,1464444030,3796.675
5392,1,1464444032,3795.8457
5393,1,1464444033,3795.2456
5394,1,1464444035,3794.9749
5395,1,1464444036,3796.3542
5396,1,1464444037,3795.293
5397,1,1464444039,3795.8982
5398,1,1464444040,3796.0803
5399,1,1464444042,3796.6045
5400,1,1464444043,3796.5356
5401,1,1464444045,3796.584
5402,1,1464444046,3795.8877
5403,1,1464444048,3794.304
5404,1,1464444049,3795.6287
5405,1,1464444051,3796.0886
5406,1,1464444052,3796.3225
5407,1,1464444053,3796.7698
5408,1,1464444055,3794.9043
5409,1,1464444056,3794.0698
5410,1,1464444058,3795.5247
5411,1,1464444059,3794.7827
5412,1,1464444061,3796.1936
5413,1,1464444062,3795.362
5414,1,1464444064,3796.525
5415,1,1464444065,3796.5276
5416,1,1464444067,3796.7246
5417,1,1464444068,3795.425
5418,1,1464444069,3795.21
5419,1,1464444071,3795.7883
5420,1,1464444072,3796.8833
5421,1,1464444074,3796.5728
5422,1,1464444075,3796.0566
5423,1,1464444077,3795.297
5424,1,1464444078,3796.9558
5425,1,1464444080,3795.7542
5426,1,1464444081,3795.5867
5427,1,1464444083,3795.3442
5428,1,1464444084,3794.3408
5429,1,1464444086,3795.5396
5430,1,1464444087,3794.797
5431,1,1464444088,3794.927
5432,1,1464444090,3794.8335
5433,1,1464444091,3795.0732
5434,1,1464444093,3795.4578
5435,1,1464444094,3795.9976
5436,1,1464444096,3793.2158
5437,1,1464444097,3795.187
5438,1,1464444099,3795.0488
5439,1,1464444100,3795.2793
5440,1,1464444102,3795.482
5441,1,1464444103,3795.4666
5442,1,1464444104,3793.3916
5443,1,1464444106,3794.8125
5444,1,1464444107,3794.9177
5445,1,1464444109,3795.6387
5446,1,1464444110,3793.4102
5447,1,1464444112,3794.2493
5448,1,1464444113,3793.8318
5449,1,1464444115,3792.829
5450,1,1464444116,3792.6165
5451,1,1464444118,3793.8452
5452,1,1464444119,3793.3767
5453,1,1464444120,3793.088
5454,1,1464444122,3793.648
5455,1,1464444123,3794.03
5456,1,1464444125,3793.2017
5457,1,1464444126,3794.4026
5458,1,1464444128,3792.895
5459,1,1464444129,3791.4355
5460,1,1464444131,3794.7578
5461,1,1464444132,3794.9124
5462,1,1464444134,3792.7266
5463,1,1464444135,3793.5154
5464,1,1464444137,3794.1482
5465,1,1464444138,3793.5427
5466,1,1464444139,3793.8071
5467,1,1464444141,3794.3618
5468,1,1464444142,3793.44
5469,1,1464444144,3794.2292
5470,1,1464444145,3794.539
5471,1,1464444147,3794.7725
5472,1,1464444148,3793.8923
5473,1,1464444150,3793.2212
5474,1,1464444151,3793.3433
5475,1,1464444153,3794.4019
5476,1,1464444154,3792.9434
5477,1,1464444155,3792.3208
5478,1,1464444157,3793.7656
5479,1,1464444158,3793.362
5480,1,1464444160,3793.0469
5481,1,1464444161,3792.716
5482,1,1464444163,3792.2144
5483,1,1464444164,3790.613
5484,1,1464444166,3792.8474
5485,1,1464444167,3792.11
5486,1,1464444169,3792.582
5487,1,1464444170,3792.6965
5488,1,1464444171,3792.6099
5489,1,1464444173,3794.2793
5490,1,1464444174,3793.1838
5491,1,1464444176,3791.6724
5492,1,1464444177,3791.0334
5493,1,1464444179,3792.581
5494,1,1464444180,3794.3425
5495,1,1464444182,3792.0696
5496,1,1464444183,3792.2178
5497,1,1464444185,3792.3716
5498,1,1464444186,3792.947
5499,1,1464444188,3792.8079
5500,1,1464444189,3794.3076
5501,1,1464444190,3793.4893
5502,1,1464444192,3792.6003
5503,1,1464444193,3793.8376
5504,1,1464444195,3792.5686
5505,1,1464444196,3791.7117
5506,1,1464444198,3791.9172
5507,1,1464444199,3792.0645
5508,1,1464444201,3791.3635
5509,1,1464444202,3790.6094
5510,1,1464444204,3792.5608
5511,1,1464444205,3792.7588
5512,1,1464444206,3792.1472
5513,1,1464444208,3793.1956
5514,1,1464444209,3791.2388
5515,1,1464444211,3793.3687
5516,1,1464444212,3793.599
5517,1,1464444214,3793.0718
5518,1,1464444215,3793.9363
5519,1,1464444217,3792.9158
5520,1,1464444218,3793.559
5521,1,1464444220,3792.7126
5522,1,1464444221,3794.4106
5523,1,1464444222,3793.1516
5524,1,1464444224,3794.197
5525,1,1464444225,3792.923
5526,1,1464444227,3793.0278
5527,1,1464444228,3792.2585
5528,1,1464444230,3792.9233
5529,1,1464444231,3792.6353
5530,1,1464444233,3794.743
5531,1,1464444234,3792.9773
5532,1,1464444236,3793.2095
5533,1,1464444237,3791.9712
5534,1,1464444239,3791.2358
5535,1,1464444240,3792.823
5536,1,1464444241,3792.3308
5537,1,1464444243,3789.9788
5538,1,1464444244,3792.3855
5539,1,1464444246,3791.5154
5540,1,1464444247,3791.428
5541,1,1464444249,3791.2207
5542,1,1464444250,3790.0942
5543,1,1464444252,3790.276
5544,1,1464444253,3791.5322
5545,1,1464444255,3791.3254
5546,1,1464444256,3791.5757
5547,1,1464444257,3789.7874
5548,1,1464444259,3789.2473
5549,1,1464444260,3790.3376
5550,1,1464444262,3791.6738
5551,1,1464444263,3789.9185
5552,1,1464444265,3789.3918
5553,1,1464444266,3788.983
5554,1,1464444268,3788.5923
5555,1,1464444269,3788.8733
5556,1,1464444271,3788.6453
5557,1,1464444272,3789.3215
5558,1,1464444273,3789.9658
5559,1,1464444275,3788.994
5560,1,1464444276,3789.4976
5561,1,1464444278,3787.7534
5562,1,1464444279,3788.0994
5563,1,1464444281,3789.5442
5564,1,1464444282,3789.9485
5565,1,1464444284,3788.7278
5566,1,1464444285,3790.569
5567,1,1464444287,3789.5718
5568,1,1464444288,3790.796
5569,1,1464444289,3789.75
5570,1,1464444291,3790.283
5571,1,1464444292,3790.592
5572,1,1464444294,3790.753
5573,1,1464444295,3789.9421
5574,1,1464444297,3788.7131
5575,1,1464444298,3788.941
5576,1,1464444300,3789.064
5577,1,1464444301,3789.2378
5578,1,1464444303,3788.2537
5579,1,1464444304,3787.8684
5580,1,1464444306,3788.8728
5581,1,1464444307,3787.1812
5582,1,1464444308,3787.4858
5583,1,1464444310,3788.606
5584,1,1464444311,3788.391
5585,1,1464444313,3788.9353
5586,1,1464444314,3789.1199
5587,1,1464444316,3788.2307
5588,1,1464444317,3789.4487
5589,1,1464444319,3790.755
5590,1,1464444320,3790.5117
5591,1,1464444322,3790.4106
5592,1,1464444323,3789.806
5593,1,1464444324,3789.5247
5594,1,1464444326,3790.1804
5595,1,1464444327,3788.6953
5596,1,1464444329,3790.5688
5597,1,1464444330,3789.4705
5598,1,1464444332,3789.1794
5599,1,1464444333,3788.3064
5600,1,1464444335,3789.281
5601,1,1464444336,3788.5513
5602,1,1464444338,3788.1191
5603,1,1464444339,3787.1892
5604,1,1464444340,3787.8367
5605,1,1464444342,3786.6895
5606,1,1464444343,3786.5288
5607,1,1464444345,3786.5808
5608,1,1464444346,3786.429
5609,1,1464444348,3787.387
5610,1,1464444349,3788.6177
5611,1,1464444351,3787.327
5612,1,1464444352,3788.3325
5613,1,1464444354,3788.473
5614,1,1464444355,3787.421
5615,1,1464444357,3785.8252
5616,1,1464444358,3785.0671
5617,1,1464444359,3787.3896
5618,1,1464444361,3788.7466
5619,1,1464444362,3788.652
5620,1,1464444364,3787.735
5621,1,1464444365,3787.2812
5622,1,1464444367,3789.0745
5623,1,1464444368,3787.8823
5624,1,1464444370,3787.5642
5625,1,1464444371,3788.8206
5626,1,1464444373,3786.4438
5627,1,1464444374,3787.2131
5628,1,1464444375,3786.8325
5629,1,1464444377,3786.009
5630,1,1464444378,3786.1575
5631,1,1464444380,3787.1375
5632,1,1464444381,3787.1235
5633,1,1464444383,3785.128
5634,1,1464444384,3784.668
5635,1,1464444386,3786.764
5636,1,1464444387,3786.6387
5637,1,1464444389,3785.806
5638,1,1464444390,3787.2095
5639,1,1464444391,3787.8591
5640,1,1464444398,3786.1523
5641,1,1464444399,3785.2527
5642,1,1464444400,3786.5195
5643,1,1464444402,3785.4885
5644,1,1464444403,3785.3066
5645,1,1464444405,3786.7896
5646,1,1464444406,3786.4143
5647,1,1464444408,3785.094
5648,1,1464444409,3785.5044
5649,1,1464444410,3784.3923
5650,1,1464444412,3785.633
5651,1,1464444413,3784.8867
5652,1,1464444415,3785.1323
5653,1,1464444416,3784.4966
5654,1,1464444418,3784.852
5655,1,1464444419,3784.04
5656,1,1464444421,3785.3838
5657,1,1464444422,3785.0483
5658,1,1464444424,3787.038
5659,1,1464444425,3784.431
5660,1,1464444426,3785.9282
5661,1,1464444428,3785.4788
5662,1,1464444429,3785.088
5663,1,1464444431,3785.6716
5664,1,1464444432,3785.2444
5665,1,1464444434,3785.388
5666,1,1464444435,3786.8022
5667,1,1464444437,3786.66
5668,1,1464444438,3786.0479
5669,1,1464444440,3786.6604
5670,1,1464444441,3784.4397
5671,1,1464444442,3784.7153
5672,1,1464444444,3784.7944
5673,1,1464444445,3785.0776
5674,1,1464444447,3785.872
5675,1,1464444448,3785.7112
5676,1,1464444450,3785.2283
5677,1,1464444451,3785.5706
5678,1,1464444453,3783.8486
5679,1,1464444454,3785.078
5680,1,1464444456,3783.9348
5681,1,1464444457,3784.4695
5682,1,1464444459,3785.7175
5683,1,1464444460,3784.18
5684,1,1464444461,3786.8303
5685,1,1464444463,3784.955
5686,1,1464444464,3784.7834
5687,1,1464444466,3785.914
5688,1,1464444467,3786.811
5689,1,1464444469,3785.899
5690,1,1464444470,3785.884
5691,1,1464444472,3784.6572
5692,1,1464444473,3785.7585
5693,1,1464444475,3785.222
5694,1,1464444476,3784.13
5695,1,1464444477,3784.899
5696,1,1464444479,3784.5923
5697,1,1464444480,3782.5515
5698,1,1464444482,3782.9148
5699,1,1464444483,3782.7476
5700,1,1464444485,3783.036
5701,1,1464444486,3783.0938
5702,1,1464444488,3783.4512
5703,1,1464444489,3781.3093
5704,1,1464444491,3782.3972
5705,1,1464444492,3784.6772
5706,1,1464444493,3782.009
5707,1,1464444495,3783.1543
5708,1,1464444496,3783.7632
5709,1,1464444498,3782.7974
5710,1,1464444499,3782.5007
5711,1,1464444501,3782.5325
5712,1,1464444502,3782.0579
5713,1,1464444504,3782.385
5714,1,1464444505,3782.0234
5715,1,1464444507,3784.313
5716,1,1464444508,3782.8032
5717,1,1464444509,3781.3577
5718,1,1464444511,3782.6628
5719,1,1464444512,3781.7126
5720,1,1464444514,3782.4993
5721,1,1464444515,3783.612
5722,1,1464444517,3782.4285
5723,1,1464444518,3782.0125
5724,1,1464444520,3783.3015
5725,1,1464444521,3783.2876
5726,1,1464444523,3780.91
5727,1,1464444524,3781.3682
5728,1,1464444526,3782.7761
5729,1,1464444527,3781.607
5730,1,1464444528,3781.8218
5731,1,1464444530,3781.8943
5732,1,1464444531,3782.0151
5733,1,1464444533,3784.2905
5734,1,1464444534,3783.329
5735,1,1464444536,3784.151
5736,1,1464444537,3783.0613
5737,1,1464444539,3782.0825
5738,1,1464444540,3784.599
5739,1,1464444542,3783.2505
5740,1,1464444543,3782.4438
5741,1,1464444544,3782.5505
5742,1,1464444546,3782.9573
5743,1,1464444547,3782.4172
5744,1,1464444549,3782.9058
5745,1,1464444550,3782.2478
5746,1,1464444552,3781.6501
5747,1,1464444553,3781.8257
5748,1,1464444555,3781.154
5749,1,1464444560,3781.6196
5750,1,1464444562,3781.975
5751,1,1464444563,3782.64
5752,1,1464444565,3782.2744
5753,1,1464444566,3782.826
5754,1,1464444568,3782.1814
5755,1,1464444569,3782.7422
5756,1,1464444571,3783.1245
5757,1,1464444576,3782.9194
5758,1,1464444578,3781.9407
5759,1,1464444579,3781.949
5760,1,1464444581,3781.213
5761,1,1464444582,3781.66
5762,1,1464444584,3782.6914
5763,1,1464444585,3781.3333
5764,1,1464444587,3780.8489
5765,1,1464444588,3780.3027
5766,1,1464444590,3780.6848
5767,1,1464444591,3780.8074
5768,1,1464444593,3779.7388
5769,1,1464444594,3779.8855
5770,1,1464444595,3780.4404
5771,1,1464444597,3780.6826
5772,1,1464444598,3780.7495
5773,1,1464444600,3780.7122
5774,1,1464444601,3780.328
5775,1,1464444603,3780.4565
5776,1,1464444604,3779.6394
5777,1,1464444606,3781.2312
5778,1,1464444607,3781.886
5779,1,1464444609,3781.8372
5780,1,1464444610,3782.005
5781,1,1464444611,3782.9014
5782,1,1464444613,3782.0596
5783,1,1464444614,3782.5908
5784,1,1464444616,3780.3667
5785,1,1464444617,3781.4836
5786,1,1464444619,3781.586
5787,1,1464444620,3781.76
5788,1,1464444622,3781.1545
5789,1,1464444623,3780.6333
5790,1,1464444625,3781.3987
5791,1,1464444626,3779.748
5792,1,1464444628,3780.8757
5793,1,1464444629,3780.051
5794,1,1464444630,3778.4802
5795,1,1464444632,3779.9875
5796,1,1464444633,3778.9194
5797,1,1464444635,3780.2607
5798,1,1464444636,3779.222
5799,1,1464444638,3781.9338
5800,1,1464444639,3779.565
5801,1,1464444641,3781.9292
5802,1,1464444642,3780.1091
5803,1,1464444644,3780.1755
5804,1,1464444645,3779.5947
5805,1,1464444646,3781.6594
5806,1,1464444648,3780.966
5807,1,1464444649,3781.798
5808,1,1464444651,3781.4832
5809,1,1464444652,3780.8586
5810,1,1464444654,3782.3855
5811,1,1464444655,3781.1882
5812,1,1464444657,3780.5007
5813,1,1464444658,3781.6443
5814,1,1464444660,3781.8833
5815,1,1464444661,3779.7158
5816,1,1464444662,3778.7178
5817,1,1464444664,3780.0308
5818,1,1464444665,3778.9016
5819,1,1464444667,3780.9954
5820,1,1464444668,3779.0906
5821,1,1464444670,3778.3738
5822,1,1464444671,3778.307
5823,1,1464444673,3778.1733
5824,1,1464444674,3777.8943
5825,1,1464444676,3777.4778
5826,1,1464444677,3777.8267
5827,1,1464444679,3778.4116
5828,1,1464444680,3779.789
5829,1,1464444681,3778.4307
5830,1,1464444683,3780.2578
5831,1,1464444684,3778.995
5832,1,1464444686,3777.7285
5833,1,1464444687,3779.371
5834,1,1464444689,3778.0217
5835,1,1464444690,3777.9836
5836,1,1464444692,3779.218
5837,1,1464444693,3776.9685
5838,1,1464444695,3778.2295
5839,1,1464444696,3777.4688
5840,1,1464444697,3777.6858
5841,1,1464444699,3777.627
5842,1,1464444700,3777.4097
5843,1,1464444702,3775.3823
5844,1,1464444703,3777.8684
5845,1,1464444705,3778.5608
5846,1,1464444706,3776.1707
5847,1,1464444708,3777.0168
5848,1,1464444709,3778.93
5849,1,1464444711,3777.1465
5850,1,1464444712,3777.975
5851,1,1464444713,3777.6938
5852,1,1464444715,3777.8835
5853,1,1464444716,3778.0942
5854,1,1464444718,3776.4846
5855,1,1464444719,3777.0808
5856,1,1464444721,3778.187
5857,1,1464444722,3777.4878
5858,1,1464444724,3775.4346
5859,1,1464444725,3776.5396
5860,1,1464444727,3776.2927
5861,1,1464444728,3777.925
5862,1,1464444729,3776.36
5863,1,1464444731,3778.1604
5864,1,1464444732,3775.36
5865,1,1464444734,3776.8108
5866,1,1464444735,3777.6294
5867,1,1464444737,3777.7725
5868,1,1464444738,3778.7307
5869,1,1464444740,3777.3123
5870,1,1464444741,3775.889
5871,1,1464444743,3778.5847
5872,1,1464444744,3777.949
5873,1,1464444746,3778.4
5874,1,1464444747,3777.4934
5875,1,1464444748,3779.2932
5876,1,1464444750,3779.9714
5877,1,1464444751,3777.4019
5878,1,1464444753,3781.0337
5879,1,1464444754,3777.9814
5880,1,1464444756,3777.0737
5881,1,1464444757,3777.631
5882,1,1464444759,3777.4487
5883,1,1464444760,3777.7188
5884,1,1464444762,3776.642
5885,1,1464444763,3777.6865
5886,1,1464444764,3777.1426
5887,1,1464444766,3775.624
5888,1,1464444767,3777.7712
5889,1,1464444769,3776.6782
5890,1,1464444770,3775.9126
5891,1,1464444772,3775.258
5892,1,1464444773,3776.3032
5893,1,1464444775,3774.9941
5894,1,1464444776,3775.5034
5895,1,1464444778,3776.0603
5896,1,1464444779,3775.7522
5897,1,1464444780,3777.9617
5898,1,1464444782,3776.153
5899,1,1464444783,3775.6794
5900,1,1464444785,3775.8691
5901,1,1464444786,3775.3804
5902,1,1464444788,3777.5295
5903,1,1464444789,3777.06
5904,1,1464444791,3776.6848
5905,1,1464444792,3774.9546
5906,1,1464444794,3777.0715
5907,1,1464444795,3775.1309
5908,1,1464444797,3776.5952
5909,1,1464444798,3776.2422
5910,1,1464444799,3775.9146
5911,1,1464444801,3774.8384
5912,1,1464444802,3774.5066
5913,1,1464444804,3774.121
5914,1,1464444805,3774.81
5915,1,1464444807,3775.7095
5916,1,1464444808,3775.9434
5917,1,1464444810,3775.2222
5918,1,1464444811,3775.022
5919,1,1464444813,3775.5828
5920,1,1464444814,3775.0095
5921,1,1464444815,3773.5667
5922,1,1464444817,3775.067
5923,1,1464444818,3775.577
5924,1,1464444820,3775.024
5925,1,1464444821,3775.859
5926,1,1464444823,3774.7532
5927,1,1464444824,3775.324
5928,1,1464444826,3775.528
5929,1,1464444827,3775.5703
5930,1,1464444829,3775.0076
5931,1,1464444830,3775.4578
5932,1,1464444831,3776.205
5933,1,1464444833,3774.8606
5934,1,1464444834,3775.2712
5935,1,1464444836,3775.2153
5936,1,1464444837,3776.0898
5937,1,1464444839,3775.636
5938,1,1464444840,3774.463
5939,1,1464444842,3775.6555
5940,1,1464444843,3773.5967
5941,1,1464444845,3774.4202
5942,1,1464444846,3772.8528
5943,1,1464444848,3772.3372
5944,1,1464444849,3774.273
5945,1,1464444850,3774.254
5946,1,1464444852,3774.0195
5947,1,1464444853,3773.7622
5948,1,1464444855,3773.7898
5949,1,1464444856,3773.1428
5950,1,1464444858,3774.7712
5951,1,1464444859,3774.7446
5952,1,1464444861,3775.0022
5953,1,1464444862,3776.2373
5954,1,1464444864,3774.0425
5955,1,1464444865,3775.297
5956,1,1464444866,3774.9092
5957,1,1464444868,3774.246
5958,1,1464444869,3774.1597
5959,1,1464444871,3774.4756
5960,1,1464444872,3774.3586
5961,1,1464444874,3775.557
5962,1,1464444875,3774.7236
5963,1,1464444877,3773.9663
5964,1,1464444878,3773.1653
5965,1,1464444880,3774.6365
5966,1,1464444881,3773.7026
5967,1,1464444882,3773.398
5968,1,1464444884,3773.3503
5969,1,1464444885,3771.9685
5970,1,1464444887,3773.477
5971,1,1464444888,3775.1702
5972,1,1464444890,3773.091
5973,1,1464444891,3773.1248
5974,1,1464444893,3772.4695
5975,1,1464444894,3771.8455
5976,1,1464444896,3772.9094
5977,1,1464444897,3773.143
5978,1,1464444899,3773.5488
5979,1,1464444900,3773.7412
5980,1,1464444901,3772.485
5981,1,1464444903,3773.124
5982,1,1464444904,3772.722
5983,1,1464444906,3773.7544
5984,1,1464444907,3773.1448
5985,1,1464444909,3774.1882
5986,1,1464444910,3773.4233
5987,1,1464444912,3772.7769
5988,1,1464444913,3773.1729
5989,1,1464444915,3773.75
5990,1,1464444916,3773.877
5991,1,1464444917,3772.668
5992,1,1464444919,3772.9854
5993,1,1464444920,3773.0273
5994,1,1464444922,3772.5066
5995,1,1464444923,3771.5486
5996,1,1464444925,3773.9414
5997,1,1464444926,3771.6934
5998,1,1464444928,3772.6697
5999,1,1464444929,3772.1606
6000,1,1464444931,3772.5293
6001,1,1464444932,3772.6826
6002,1,1464444933,3771.584
6003,1,1464444935,3772.5754
6004,1,1464444936,3773.163
6005,1,1464444938,3772.7322
6006,1,1464444939,3771.3691
6007,1,1464444941,3771.4426
6008,1,1464444942,3772.7903
6009,1,1464444944,3772.326
6010,1,1464444945,3772.3264
6011,1,1464444947,3771.9885
6012,1,1464444948,3772.8423
6013,1,1464444949,3771.0212
6014,1,1464444951,3772.2673
6015,1,1464444952,3770.5115
6016,1,1464444954,3771.4402
6017,1,1464444955,3773.0747
6018,1,1464444957,3772.1855
6019,1,1464444958,3771.2478
6020,1,1464444960,3770.9685
6021,1,1464444961,3771.0222
6022,1,1464444963,3771.2812
6023,1,1464444964,3771.1077
6024,1,1464444966,3770.151
6025,1,1464444967,3771.0728
6026,1,1464444968,3770.6135
6027,1,1464444970,3769.6687
6028,1,1464444971,3770.4531
6029,1,1464444973,3770.8733
6030,1,1464444974,3770.8584
6031,1,1464444976,3771.2837
6032,1,1464444977,3771.39
6033,1,1464444979,3770.8452
6034,1,1464444980,3772.4783
6035,1,1464444982,3770.7417
6036,1,1464444983,3770.927
6037,1,1464444984,3772.6912
6038,1,1464444986,3770.969
6039,1,1464444987,3769.7842
6040,1,1464444989,3769.8171
6041,1,1464444990,3770.2979
6042,1,1464444992,3770.6624
6043,1,1464444993,3769.552
6044,1,1464444995,3767.9324
6045,1,1464444996,3770.404
6046,1,1464444998,3769.6702
6047,1,1464444999,3769.4333
6048,1,1464445000,3769.1023
6049,1,1464445002,3768.2854
6050,1,1464445003,3766.7993
6051,1,1464445005,3768.1587
6052,1,1464445006,3769.8713
6053,1,1464445008,3768.248
6054,1,1464445009,3769.7017
6055,1,1464445011,3768.3052
6056,1,1464445012,3770.4282
6057,1,1464445014,3768.507
6058,1,1464445015,3767.3525
6059,1,1464445017,3768.5881
6060,1,1464445018,3769.8042
6061,1,1464445019,3770.8901
6062,1,1464445021,3768.249
6063,1,1464445022,3770.1604
6064,1,1464445024,3769.997
6065,1,1464445025,3769.114
6066,1,1464445027,3768.955
6067,1,1464445028,3769.083
6068,1,1464445030,3768.706
6069,1,1464445031,3769.183
6070,1,1464445033,3767.4036
6071,1,1464445034,3768.2876
6072,1,1464445035,3769.0515
6073,1,1464445037,3767.848
6074,1,1464445038,3768.676
6075,1,1464445040,3766.7212
6076,1,1464445041,3767.644
6077,1,1464445043,3768.2668
6078,1,1464445044,3768.8535
6079,1,1464445046,3770.3538
6080,1,1464445047,3769.23
6081,1,1464445049,3767.4446
6082,1,1464445050,3768.693
6083,1,1464445051,3768.266
6084,1,1464445053,3768.9033
6085,1,1464445054,3768.376
6086,1,1464445056,3768.5728
6087,1,1464445057,3768.8284
6088,1,1464445059,3769.1794
6089,1,1464445060,3770.6118
6090,1,1464445062,3769.112
6091,1,1464445063,3766.7888
6092,1,1464445065,3768.1912
6093,1,1464445066,3767.7935
6094,1,1464445068,3767.8425
6095,1,1464445069,3769.0146
6096,1,1464445070,3767.755
6097,1,1464445072,3769.5828
6098,1,1464445073,3768.3674
6099,1,1464445075,3769.6333
6100,1,1464445076,3770.7864
6101,1,1464445078,3768.65
6102,1,1464445079,3769.7104
6103,1,1464445081,3768.626
6104,1,1464445082,3768.36
6105,1,1464445084,3769.401
6106,1,1464445085,3768.1077
6107,1,1464445086,3767.849
6108,1,1464445088,3768.599
6109,1,1464445089,3768.955
6110,1,1464445091,3766.6443
6111,1,1464445092,3768.405
6112,1,1464445094,3767.5637
6113,1,1464445095,3769.0532
6114,1,1464445097,3767.4873
6115,1,1464445098,3768.5776
6116,1,1464445100,3768.0693
6117,1,1464445101,3767.635
6118,1,1464445102,3768.96
6119,1,1464445104,3767.1052
6120,1,1464445105,3767.742
6121,1,1464445107,3767.4856
6122,1,1464445108,3767.4182
6123,1,1464445110,3767.3645
6124,1,1464445111,3766.6033
6125,1,1464445113,3768.683
6126,1,1464445114,3766.6536
6127,1,1464445116,3767.6042
6128,1,1464445117,3768.3672
6129,1,1464445118,3768.3428
6130,1,1464445120,3767.3105
6131,1,1464445121,3767.9673
6132,1,1464445123,3768.2668
6133,1,1464445124,3767.6763
6134,1,1464445126,3767.236
6135,1,1464445127,3766.9937
6136,1,1464445129,3767.4517
6137,1,1464445130,3766.634
6138,1,1464445132,3767.039
6139,1,1464445133,3766.6628
6140,1,1464445135,3765.453
6141,1,1464445136,3765.2834
6142,1,1464445137,3766.0276
6143,1,1464445139,3764.663
6144,1,1464445140,3765.1042
6145,1,1464445142,3765.2244
6146,1,1464445143,3765.1855
6147,1,1464445145,3765.402
6148,1,1464445146,3765.3794
6149,1,1464445148,3765.6777
6150,1,1464445149,3765.254
6151,1,1464445151,3764.2666
6152,1,1464445152,3766.0776
6153,1,1464445153,3764.4082
6154,1,1464445155,3766.088
6155,1,1464445156,3765.5774
6156,1,1464445158,3764.67
6157,1,1464445159,3766.694
6158,1,1464445161,3765.4795
6159,1,1464445162,3767.0413
6160,1,1464445164,3765.6228
6161,1,1464445165,3765.1829
6162,1,1464445167,3760.5156
6163,1,1464445168,3761.351
6164,1,1464445169,3764.2205
6165,1,1464445171,3765.4705
6166,1,1464445172,3764.7651
6167,1,1464445174,3764.3728
6168,1,1464445175,3766.97
6169,1,1464445177,3766.1865
6170,1,1464445178,3765.272
6171,1,1464445180,3764.9111
6172,1,1464445181,3765.08
6173,1,1464445183,3766.014
6174,1,1464445184,3764.7908
6175,1,1464445186,3766.5757
6176,1,1464445187,3766.8652
6177,1,1464445188,3765.3142
6178,1,1464445190,3765.1025
6179,1,1464445191,3766.0432
6180,1,1464445193,3764.6672
6181,1,1464445194,3765.029
6182,1,1464445196,3764.874
6183,1,1464445197,3764.9016
6184,1,1464445199,3763.8923
6185,1,1464445200,3765.0295
6186,1,1464445202,3765.3064
6187,1,1464445203,3765.143
6188,1,1464445204,3764.6318
6189,1,1464445206,3764.7148
6190,1,1464445207,3765.2515
6191,1,1464445209,3763.8918
6192,1,1464445210,3765.5176
6193,1,1464445212,3763.7996
6194,1,1464445213,3766.1868
6195,1,1464445215,3764.9224
6196,1,1464445216,3765.1343
6197,1,1464445218,3765.6384
6198,1,1464445219,3764.2869
6199,1,1464445220,3765.4185
6200,1,1464445222,3763.9883
6201,1,1464445223,3765.0974
6202,1,1464445225,3764.425
6203,1,1464445226,3765.3416
6204,1,1464445228,3765.6216
6205,1,1464445229,3765.2205
6206,1,1464445231,3762.6772
6207,1,1464445232,3763.7036
6208,1,1464445234,3763.9531
6209,1,1464445235,3762.6343
6210,1,1464445237,3763.924
6211,1,1464445238,3763.1172
6212,1,1464445239,3761.532
6213,1,1464445241,3763.4888
6214,1,1464445242,3762.7593
6215,1,1464445244,3762.8345
6216,1,1464445245,3763.6223
6217,1,1464445247,3763.7065
6218,1,1464445248,3765.31
6219,1,1464445250,3764.8494
6220,1,1464445251,3764.482
6221,1,1464445253,3763.345
6222,1,1464445254,3763.146
6223,1,1464445255,3762.9507
6224,1,1464445257,3764.5728
6225,1,1464445258,3762.992
6226,1,1464445260,3762.7263
6227,1,1464445261,3764.4133
6228,1,1464445263,3764.3103
6229,1,1464445264,3764.771
6230,1,1464445266,3762.761
6231,1,1464445267,3763.6902
6232,1,1464445269,3763.4932
6233,1,1464445270,3762.826
6234,1,1464445271,3763.8635
6235,1,1464445273,3762.1978
6236,1,1464445274,3763.633
6237,1,1464445276,3761.7861
6238,1,1464445277,3762.3877
6239,1,1464445279,3763.4587
6240,1,1464445280,3763.457
6241,1,1464445282,3763.9236
6242,1,1464445283,3764.3982
6243,1,1464445285,3763.5347
6244,1,1464445286,3763.2744
6245,1,1464445288,3761.3906
6246,1,1464445289,3756.8281
6247,1,1464445290,3757.107
6248,1,1464445292,3759.9038
6249,1,1464445293,3762.0198
6250,1,1464445295,3760.696
6251,1,1464445296,3760.4236
6252,1,1464445298,3761.9558
6253,1,1464445299,3758.3838
6254,1,1464445301,3759.7532
6255,1,1464445302,3760.9617
6256,1,1464445304,3761.5466
6257,1,1464445305,3763.768
6258,1,1464445306,3763.4678
6259,1,1464445308,3762.9766
6260,1,1464445309,3763.3022
6261,1,1464445311,3762.4075
6262,1,1464445312,3762.5312
6263,1,1464445314,3764.2979
6264,1,1464445315,3764.861
6265,1,1464445317,3761.6306
6266,1,1464445318,3763.8494
6267,1,1464445320,3763.216
6268,1,1464445321,3763.3508
6269,1,1464445322,3764.083
6270,1,1464445324,3762.6274
6271,1,1464445325,3763.0479
6272,1,1464445327,3763.475
6273,1,1464445328,3761.5767
6274,1,1464445330,3762.0432
6275,1,1464445331,3762.028
6276,1,1464445333,3761.853
6277,1,1464445334,3763.566
6278,1,1464445336,3762.731
6279,1,1464445337,3761.2913
6280,1,1464445338,3762.89
6281,1,1464445340,3763.9167
6282,1,1464445341,3762.967
6283,1,1464445343,3761.3496
6284,1,1464445344,3762.1091
6285,1,1464445346,3763.5195
6286,1,1464445347,3763.2273
6287,1,1464445349,3761.8992
6288,1,1464445350,3761.9949
6289,1,1464445352,3763.3103
6290,1,1464445353,3762.702
6291,1,1464445355,3763.0674
6292,1,1464445356,3762.9436
6293,1,1464445357,3761.2942
6294,1,1464445359,3762.68
6295,1,1464445360,3760.0464
6296,1,1464445362,3761.6409
6297,1,1464445363,3761.4856
6298,1,1464445365,3759.8684
6299,1,1464445366,3760.5686
6300,1,1464445368,3761.2256
6301,1,1464445369,3759.9443
6302,1,1464445371,3761.2554
6303,1,1464445372,3761.729
6304,1,1464445373,3762.679
6305,1,1464445375,3761.1367
6306,1,1464445376,3762.5383
6307,1,1464445378,3761.7122
6308,1,1464445379,3759.6843
6309,1,1464445381,3760.9075
6310,1,1464445382,3761.7175
6311,1,1464445384,3761.6226
6312,1,1464445385,3761.3071
6313,1,1464445387,3759.975
6314,1,1464445388,3760.872
6315,1,1464445389,3760.664
6316,1,1464445391,3761.5708
6317,1,1464445392,3762.662
6318,1,1464445394,3760.2808
6319,1,1464445395,3763.4382
6320,1,1464445397,3761.6648
6321,1,1464445398,3761.1455
6322,1,1464445400,3761.6782
6323,1,1464445401,3761.3477
6324,1,1464445403,3761.8062
6325,1,1464445404,3762.286
6326,1,1464445406,3761.0571
6327,1,1464445407,3761.3193
6328,1,1464445408,3761.1719
6329,1,1464445410,3761.083
6330,1,1464445411,3762.5308
6331,1,1464445413,3761.1963
6332,1,1464445414,3761.9114
6333,1,1464445416,3759.8047
6334,1,1464445417,3760.2312
6335,1,1464445419,3760.014
6336,1,1464445420,3760.1802
6337,1,1464445422,3760.0151
6338,1,1464445423,3758.8877
6339,1,1464445424,3759.933
6340,1,1464445426,3760.4302
6341,1,1464445427,3758.1719
6342,1,1464445429,3758.539
6343,1,1464445430,3757.661
6344,1,1464445432,3759.443
6345,1,1464445433,3759.7043
6346,1,1464445435,3760.9893
6347,1,1464445436,3759.9749
6348,1,1464445438,3758.2556
6349,1,1464445439,3759.4004
6350,1,1464445440,3759.5464
6351,1,1464445442,3759.191
6352,1,1464445443,3758.9116
6353,1,1464445445,3760.6677
6354,1,1464445446,3758.556
6355,1,1464445448,3757.928
6356,1,1464445449,3759.0408
6357,1,1464445451,3758.9006
6358,1,1464445452,3758.3064
6359,1,1464445454,3760.0332
6360,1,1464445455,3758.8777
6361,1,1464445457,3758.6172
6362,1,1464445458,3761.634
6363,1,1464445459,3758.9258
6364,1,1464445461,3758.9634
6365,1,1464445462,3759.6768
6366,1,1464445464,3759.559
6367,1,1464445465,3760.1182
6368,1,1464445467,3758.4998
6369,1,1464445468,3758.6301
6370,1,1464445470,3759.3667
6371,1,1464445471,3758.2131
6372,1,1464445473,3758.375
6373,1,1464445474,3756.435
6374,1,1464445475,3757.1824
6375,1,1464445477,3755.1458
6376,1,1464445478,3754.5457
6377,1,1464445480,3757.411
6378,1,1464445481,3756.9238
6379,1,1464445483,3756.4563
6380,1,1464445484,3754.7834
6381,1,1464445486,3756.4116
6382,1,1464445487,3755.4456
6383,1,1464445489,3756.354
6384,1,1464445490,3756.014
6385,1,1464445491,3757.3423
6386,1,1464445493,3756.4565
6387,1,1464445494,3756.1956
6388,1,1464445496,3756.3445
6389,1,1464445497,3756.9792
6390,1,1464445499,3757.648
6391,1,1464445500,3758.8315
6392,1,1464445502,3758.2742
6393,1,1464445503,3757.4897
6394,1,1464445505,3759.4802
6395,1,1464445506,3758.6484
6396,1,1464445508,3758.9043
6397,1,1464445509,3759.4385
6398,1,1464445510,3757.5564
6399,1,1464445512,3758.2039
6400,1,1464445513,3757.601
6401,1,1464445515,3758.1748
6402,1,1464445516,3757.333
6403,1,1464445518,3758.1477
6404,1,1464445519,3755.5125
6405,1,1464445521,3758.407
6406,1,1464445522,3759.0374
6407,1,1464445524,3758.0793
6408,1,1464445525,3758.19
6409,1,1464445526,3759.6003
6410,1,1464445528,3757.2788
6411,1,1464445529,3758.0674
6412,1,1464445531,3759.1536
6413,1,1464445532,3758.8027
6414,1,1464445534,3760.0466
6415,1,1464445535,3759.6877
6416,1,1464445537,3760.8896
6417,1,1464445538,3759.2651
6418,1,1464445540,3759.49
6419,1,1464445541,3760.3394
6420,1,1464445542,3760.007
6421,1,1464445544,3760.0747
6422,1,1464445545,3759.5408
6423,1,1464445547,3757.8545
6424,1,1464445548,3757.5784
6425,1,1464445550,3757.3813
6426,1,1464445551,3754.61
6427,1,1464445553,3755.7656
6428,1,1464445554,3754.2563
6429,1,1464445556,3755.3728
6430,1,1464445557,3754.362
6431,1,1464445558,3755.5173
6432,1,1464445560,3755.2336
6433,1,1464445561,3754.9084
6434,1,1464445563,3754.4954
6435,1,1464445564,3753.5137
6436,1,1464445566,3753.2734
6437,1,1464445567,3753.889
6438,1,1464445569,3753.6392
6439,1,1464445570,3752.388
6440,1,1464445572,3752.2986
6441,1,1464445573,3752.8235
6442,1,1464445575,3752.7747
6443,1,1464445576,3751.5332
6444,1,1464445577,3752.2817
6445,1,1464445579,3753.1633
6446,1,1464445580,3752.915
6447,1,1464445582,3752.3848
6448,1,1464445583,3752.5405
6449,1,1464445585,3753.3706
6450,1,1464445586,3752.7983
6451,1,1464445588,3752.5947
6452,1,1464445589,3753.2935
6453,1,1464445591,3754.099
6454,1,1464445592,3752.4973
6455,1,1464445593,3752.8386
6456,1,1464445595,3750.3708
6457,1,1464445596,3751.568
6458,1,1464445598,3751.091
6459,1,1464445599,3751.2505
6460,1,1464445601,3750.5913
6461,1,1464445602,3750.9756
6462,1,1464445604,3749.2163
6463,1,1464445605,3748.527
6464,1,1464445607,3750.2456
6465,1,1464445608,3752.9631
6466,1,1464445609,3751.9714
6467,1,1464445611,3750.5452
6468,1,1464445612,3750.9094
6469,1,1464445614,3751.3113
6470,1,1464445615,3750.8228
6471,1,1464445617,3751.639
6472,1,1464445618,3751.1086
6473,1,1464445620,3752.6963
6474,1,1464445621,3751.4084
6475,1,1464445623,3751.538
6476,1,1464445624,3751.4226
6477,1,1464445626,3751.2498
6478,1,1464445627,3750.9983
6479,1,1464445628,3750.3962
6480,1,1464445630,3751.002
6481,1,1464445631,3748.9724
6482,1,1464445633,3749.647
6483,1,1464445634,3750.077
6484,1,1464445636,3750.2808
6485,1,1464445637,3750.6953
6486,1,1464445639,3752.1978
6487,1,1464445640,3752.8525
6488,1,1464445642,3751.8896
6489,1,1464445643,3751.7795
6490,1,1464445644,3749.8845
6491,1,1464445646,3751.0369
6492,1,1464445647,3751.487
6493,1,1464445649,3751.114
6494,1,1464445650,3752.4568
6495,1,1464445652,3752.6187
6496,1,1464445653,3752.0906
6497,1,1464445655,3752.8896
6498,1,1464445656,3751.738
6499,1,1464445658,3752.8713
6500,1,1464445659,3752.389
6501,1,1464445660,3751.3047
6502,1,1464445662,3753.2625
6503,1,1464445663,3751.4543
6504,1,1464445665,3752.8904
6505,1,1464445666,3750.922
6506,1,1464445668,3752.776
6507,1,1464445669,3749.7024
6508,1,1464445671,3751.6404
6509,1,1464445672,3751.497
6510,1,1464445674,3750.7014
6511,1,1464445675,3749.7268
6512,1,1464445677,3749.4639
6513,1,1464445678,3750.9917
6514,1,1464445679,3750.9407
6515,1,1464445681,3748.908
6516,1,1464445682,3749.921
6517,1,1464445684,3751.6667
6518,1,1464445685,3750.404
6519,1,1464445687,3749.901
6520,1,1464445688,3750.0068
6521,1,1464445690,3750.3728
6522,1,1464445691,3749.738
6523,1,1464445693,3751.0117
6524,1,1464445694,3750.8923
6525,1,1464445695,3748.9502
6526,1,1464445697,3749.0276
6527,1,1464445698,3749.3384
6528,1,1464445700,3749.3142
6529,1,1464445701,3748.3755
6530,1,1464445703,3748.797
6531,1,1464445704,3749.1736
6532,1,1464445706,3748.5552
6533,1,1464445707,3749.654
6534,1,1464445709,3748.0234
6535,1,1464445710,3750.3965
6536,1,1464445711,3749.4426
6537,1,1464445713,3749.4277
6538,1,1464445714,3749.4836
6539,1,1464445716,3748.238
6540,1,1464445717,3750.2334
6541,1,1464445719,3749.2183
6542,1,1464445720,3750.5024
6543,1,1464445722,3750.0425
6544,1,1464445723,3749.9736
6545,1,1464445725,3749.6826
6546,1,1464445726,3748.5994
6547,1,1464445727,3749.4058
6548,1,1464445729,3746.6418
6549,1,1464445730,3746.919
6550,1,1464445732,3745.2087
6551,1,1464445733,3745.2256
6552,1,1464445735,3744.0408
6553,1,1464445736,3744.393
6554,1,1464445738,3744.2927
6555,1,1464445739,3744.9504
6556,1,1464445741,3744.8457
6557,1,1464445742,3743.4717
6558,1,1464445744,3744.4736
6559,1,1464445745,3745.555
6560,1,1464445746,3746.1404
6561,1,1464445748,3746.94
6562,1,1464445749,3749.255
6563,1,1464445751,3748.9524
6564,1,1464445752,3746.9807
6565,1,1464445754,3749.2732
6566,1,1464445755,3750.7825
6567,1,1464445757,3752.44
6568,1,1464445758,3750.4424
6569,1,1464445760,3750.8652
6570,1,1464445761,3750.5012
6571,1,1464445762,3750.9458
6572,1,1464445764,3750.7415
6573,1,1464445765,3750.0486
6574,1,1464445767,3748.268
6575,1,1464445768,3748.5564
6576,1,1464445770,3746.181
6577,1,1464445771,3746.6396
6578,1,1464445773,3747.034
6579,1,1464445774,3748.4246
6580,1,1464445776,3749.0925
6581,1,1464445777,3749.5466
6582,1,1464445778,3746.5767
6583,1,1464445780,3747.46
6584,1,1464445781,3745.755
6585,1,1464445783,3746.6165
6586,1,1464445784,3745.2317
6587,1,1464445786,3745.3682
6588,1,1464445787,3745.7517
6589,1,1464445789,3745.953
6590,1,1464445790,3747.1191
6591,1,1464445792,3747.308
6592,1,1464445793,3746.2253
6593,1,1464445795,3747.311
6594,1,1464445796,3746.4692
6595,1,1464445797,3745.866
6596,1,1464445799,3745.885
6597,1,1464445800,3746.1938
6598,1,1464445802,3745.0952
6599,1,1464445803,3746.4148
6600,1,1464445805,3747.661
6601,1,1464445806,3748.553
6602,1,1464445808,3748.8572
6603,1,1464445809,3746.6055
6604,1,1464445811,3748.6687
6605,1,1464445812,3747.4734
6606,1,1464445813,3748.7466
6607,1,1464445815,3747.1985
6608,1,1464445816,3747.4746
6609,1,1464445818,3746.9404
6610,1,1464445819,3748.048
6611,1,1464445821,3746.061
6612,1,1464445822,3747.5503
6613,1,1464445824,3745.4434
6614,1,1464445825,3747.305
6615,1,1464445827,3745.5588
6616,1,1464445828,3744.5535
6617,1,1464445829,3746.858
6618,1,1464445831,3745.3157
6619,1,1464445832,3745.7898
6620,1,1464445834,3744.7388
6621,1,1464445835,3744.6223
6622,1,1464445837,3745.8352
6623,1,1464445838,3745.4434
6624,1,1464445840,3747.0803
6625,1,1464445841,3745.84
6626,1,1464445843,3745.408
6627,1,1464445844,3745.55
6628,1,1464445846,3744.0732
6629,1,1464445847,3745.0833
6630,1,1464445848,3743.696
6631,1,1464445850,3745.2852
6632,1,1464445851,3745.4883
6633,1,1464445853,3744.812
6634,1,1464445854,3747.2273
6635,1,1464445856,3745.7156
6636,1,1464445857,3745.7952
6637,1,1464445859,3746.3489
6638,1,1464445860,3745.7107
6639,1,1464445862,3745.1958
6640,1,1464445863,3745.7039
6641,1,1464445864,3746.268
6642,1,1464445866,3743.938
6643,1,1464445867,3745.4739
6644,1,1464445869,3745.9927
6645,1,1464445870,3745.8782
6646,1,1464445872,3745.2307
6647,1,1464445873,3745.9177
6648,1,1464445875,3746.4236
6649,1,1464445876,3745.153
6650,1,1464445878,3743.83
6651,1,1464445879,3746.7212
6652,1,1464445880,3745.5303
6653,1,1464445882,3746.3489
6654,1,1464445883,3746.3616
6655,1,1464445885,3743.5344
6656,1,1464445886,3744.6763
6657,1,1464445888,3744.7546
6658,1,1464445889,3744.6877
6659,1,1464445891,3744.6116
6660,1,1464445892,3745.9124
6661,1,1464445894,3744.9658
6662,1,1464445895,3744.075
6663,1,1464445897,3744.7703
6664,1,1464445898,3741.8206
6665,1,1464445899,3740.8887
6666,1,1464445901,3741.5955
6667,1,1464445902,3740.1038
6668,1,1464445904,3741.433
6669,1,1464445905,3740.6096
6670,1,1464445907,3743.728
6671,1,1464445908,3743.4392
6672,1,1464445910,3741.0588
6673,1,1464445911,3740.8542
6674,1,1464445913,3740.2908
6675,1,1464445914,3742.027
6676,1,1464445915,3743.0876
6677,1,1464445917,3742.188
6678,1,1464445918,3741.4521
6679,1,1464445920,3741.4119
6680,1,1464445921,3742.8872
6681,1,1464445923,3742.8647
6682,1,1464445924,3742.344
6683,1,1464445926,3744.0608
6684,1,1464445927,3742.2234
6685,1,1464445929,3743.8638
6686,1,1464445930,3743.7961
6687,1,1464445931,3742.9624
6688,1,1464445933,3743.1643
6689,1,1464445934,3743.8223
6690,1,1464445936,3742.7412
6691,1,1464445937,3742.192
6692,1,1464445939,3744.1196
6693,1,1464445940,3742.4314
6694,1,1464445942,3741.611
6695,1,1464445943,3743.3474
6696,1,1464445945,3742.3008
6697,1,1464445946,3742.8577
6698,1,1464445947,3741.8215
6699,1,1464445949,3743.2974
6700,1,1464445950,3742.8267
6701,1,1464445952,3743.2593
6702,1,1464445953,3742.3823
6703,1,1464445955,3743.518
6704,1,1464445956,3742.569
6705,1,1464445958,3740.5173
6706,1,1464445959,3741.574
6707,1,1464445961,3741.2644
6708,1,1464445962,3742.8828
6709,1,1464445964,3742.4548
6710,1,1464445965,3742.5823
6711,1,1464445966,3742.5217
6712,1,1464445968,3741.547
6713,1,1464445969,3743.1487
6714,1,1464445971,3743.7844
6715,1,1464445972,3743.7205
6716,1,1464445974,3742.251
6717,1,1464445975,3742.4067
6718,1,1464445977,3741.3452
6719,1,1464445978,3742.0674
6720,1,1464445980,3742.1875
6721,1,1464445981,3741.7246
6722,1,1464445982,3741.613
6723,1,1464445984,3742.7058
6724,1,1464445985,3741.4204
6725,1,1464445987,3742.3452
6726,1,1464445988,3742.5376
6727,1,1464445990,3740.6155
6728,1,1464445991,3742.5166
6729,1,1464445993,3742.6487
6730,1,1464445994,3743.4512
6731,1,1464445996,3742.9294
6732,1,1464445997,3742.0173
6733,1,1464445998,3742.0127
6734,1,1464446000,3741.65
6735,1,1464446001,3743.4277
6736,1,1464446003,3742.9043
6737,1,1464446004,3742.38
6738,1,1464446006,3744.025
6739,1,1464446007,3743.7434
6740,1,1464446009,3742.1409
6741,1,1464446010,3742.5837
6742,1,1464446012,3743.2422
6743,1,1464446013,3742.536
6744,1,1464446015,3744.336
6745,1,1464446016,3744.03
6746,1,1464446017,3744.178
6747,1,1464446019,3744.7324
6748,1,1464446020,3741.8638
6749,1,1464446022,3743.3132
6750,1,1464446023,3742.2417
6751,1,1464446025,3742.2808
6752,1,1464446026,3740.5498
6753,1,1464446028,3740.4814
6754,1,1464446029,3741.8599
6755,1,1464446031,3741.0156
6756,1,1464446032,3739.0127
6757,1,1464446033,3738.1921
6758,1,1464446035,3739.9065
6759,1,1464446036,3739.4436
6760,1,1464446038,3740.0515
6761,1,1464446039,3740.1633
6762,1,1464446041,3739.713
6763,1,1464446042,3739.6047
6764,1,1464446044,3740.5427
6765,1,1464446045,3739.4124
6766,1,1464446047,3739.1318
6767,1,1464446048,3739.2048
6768,1,1464446049,3739.047
6769,1,1464446051,3738.728
6770,1,1464446052,3738.779
6771,1,1464446054,3738.9763
6772,1,1464446055,3739.3298
6773,1,1464446057,3738.241
6774,1,1464446058,3739.6562
6775,1,1464446060,3738.9402
6776,1,1464446061,3738.726
6777,1,1464446063,3738.441
6778,1,1464446064,3738.0847
6779,1,1464446066,3739.4897
6780,1,1464446067,3735.2427
6781,1,1464446068,3732.5625
6782,1,1464446070,3732.9182
6783,1,1464446071,3731.505
6784,1,1464446073,3734.3596
6785,1,1464446074,3733.3794
6786,1,1464446076,3733.6267
6787,1,1464446077,3734.446
6788,1,1464446079,3734.8635
6789,1,1464446080,3734.9429
6790,1,1464446082,3735.931
6791,1,1464446083,3735.9084
6792,1,1464446084,3734.1816
6793,1,1464446086,3735.7524
6794,1,1464446087,3737.0151
6795,1,1464446089,3736.38
6796,1,1464446090,3737.8982
6797,1,1464446092,3738.4092
6798,1,1464446093,3737.5974
6799,1,1464446095,3738.167
6800,1,1464446096,3737.844
6801,1,1464446098,3739.3374
6802,1,1464446099,3737.5186
6803,1,1464446100,3739.978
6804,1,1464446102,3738.3892
6805,1,1464446103,3738.6729
6806,1,1464446105,3739.4941
6807,1,1464446106,3737.241
6808,1,1464446108,3738.3242
6809,1,1464446109,3737.7102
6810,1,1464446111,3736.8103
6811,1,1464446112,3736.615
6812,1,1464446114,3738.2026
6813,1,1464446115,3735.4731
6814,1,1464446117,3738.3176
6815,1,1464446118,3736.1597
6816,1,1464446119,3737.0945
6817,1,1464446121,3734.77
6818,1,1464446122,3737.0098
6819,1,1464446124,3736.4739
6820,1,1464446125,3736.6477
6821,1,1464446127,3735.8223
6822,1,1464446128,3735.0933
6823,1,1464446130,3734.8247
6824,1,1464446131,3735.024
6825,1,1464446133,3735.8137
6826,1,1464446134,3734.561
6827,1,1464446135,3733.1384
6828,1,1464446137,3733.4243
6829,1,1464446138,3735.2573
6830,1,1464446140,3734.4644
6831,1,1464446141,3734.096
6832,1,1464446143,3733.3257
6833,1,1464446144,3732.6077
6834,1,1464446146,3733.6853
6835,1,1464446147,3734.0667
6836,1,1464446149,3733.8457
6837,1,1464446150,3734.31
6838,1,1464446151,3732.4688
6839,1,1464446153,3732.8699
6840,1,1464446154,3732.547
6841,1,1464446156,3734.5134
6842,1,1464446157,3734.2612
6843,1,1464446159,3735.069
6844,1,1464446160,3734.3296
6845,1,1464446162,3735.5845
6846,1,1464446163,3734.5942
6847,1,1464446165,3735.206
6848,1,1464446166,3736.2593
6849,1,1464446168,3735.6199
6850,1,1464446169,3738.1335
6851,1,1464446170,3735.7292
6852,1,1464446172,3735.022
6853,1,1464446173,3733.8667
6854,1,1464446175,3734.752
6855,1,1464446176,3735.63
6856,1,1464446178,3734.0903
6857,1,1464446179,3733.696
6858,1,1464446181,3732.5857
6859,1,1464446182,3732.1104
6860,1,1464446184,3731.7275
6861,1,1464446185,3731.851
6862,1,1464446186,3731.567
6863,1,1464446188,3733.0918
6864,1,1464446189,3731.8992
6865,1,1464446191,3731.6338
6866,1,1464446192,3732.2266
6867,1,1464446194,3731.0242
6868,1,1464446195,3733.2922
6869,1,1464446197,3730.193
6870,1,1464446198,3731.7642
6871,1,1464446200,3732.2927
6872,1,1464446201,3731.7043
6873,1,1464446202,3729.898
6874,1,1464446204,3734.1128
6875,1,1464446205,3731.5928
6876,1,1464446207,3730.8435
6877,1,1464446208,3730.001
6878,1,1464446210,3729.3857
6879,1,1464446211,3730.8271
6880,1,1464446213,3730.196
6881,1,1464446214,3729.0923
6882,1,1464446216,3727.028
6883,1,1464446217,3727.7507
6884,1,1464446218,3728.687
6885,1,1464446220,3727.7341
6886,1,1464446221,3727.9792
6887,1,1464446223,3727.7263
6888,1,1464446224,3728.3813
6889,1,1464446226,3727.2659
6890,1,1464446227,3724.1865
6891,1,1464446229,3727.2651
6892,1,1464446230,3727.0562
6893,1,1464446232,3728.8813
6894,1,1464446233,3726.651
6895,1,1464446235,3727.7786
6896,1,1464446236,3727.196
6897,1,1464446237,3727.3064
6898,1,1464446239,3725.3496
6899,1,1464446240,3724.1182
6900,1,1464446242,3724.0046
6901,1,1464446243,3725.0852
6902,1,1464446245,3726.3372
6903,1,1464446246,3726.923
6904,1,1464446248,3725.971
6905,1,1464446249,3726.369
6906,1,1464446251,3725.715
6907,1,1464446252,3726.9468
6908,1,1464446253,3726.0515
6909,1,1464446255,3725.5723
6910,1,1464446256,3726.7202
6911,1,1464446258,3727.2417
6912,1,1464446259,3729.1694
6913,1,1464446261,3726.7654
6914,1,1464446262,3727.2827
6915,1,1464446264,3729.2322
6916,1,1464446265,3729.4202
6917,1,1464446267,3729.2957
6918,1,1464446268,3728.1313
6919,1,1464446269,3728.19
6920,1,1464446271,3729.4111
6921,1,1464446272,3727.5073
6922,1,1464446274,3727.461
6923,1,1464446275,3727.88
6924,1,1464446277,3728.3916
6925,1,1464446278,3726.491
6926,1,1464446280,3727.3318
6927,1,1464446281,3726.578
6928,1,1464446283,3727.4805
6929,1,1464446284,3726.8877
6930,1,1464446286,3727.4973
6931,1,1464446287,3725.8494
6932,1,1464446288,3725.863
6933,1,1464446290,3725.4065
6934,1,1464446291,3727.0679
6935,1,1464446293,3725.5684
6936,1,1464446294,3726.574
6937,1,1464446296,3725.654
6938,1,1464446297,3726.019
6939,1,1464446299,3725.8213
6940,1,1464446300,3725.306
6941,1,1464446302,3727.246
6942,1,1464446303,3725.9927
6943,1,1464446304,3724.5042
6944,1,1464446306,3727.283
6945,1,1464446307,3726.6562
6946,1,1464446309,3723.7622
6947,1,1464446310,3725.4968
6948,1,1464446312,3725.3647
6949,1,1464446313,3723.6526
6950,1,1464446315,3723.8916
6951,1,1464446316,3723.9827
6952,1,1464446318,3725.2317
6953,1,1464446319,3724.284
6954,1,1464446320,3724.688
6955,1,1464446322,3723.6125
6956,1,1464446323,3723.7693
6957,1,1464446325,3723.4778
6958,1,1464446326,3722.1912
6959,1,1464446328,3722.8762
6960,1,1464446329,3723.8215
6961,1,1464446331,3722.9773
6962,1,1464446332,3723.1536
6963,1,1464446334,3722.121
6964,1,1464446335,3722.8503
6965,1,1464446337,3723.1965
6966,1,1464446338,3722.0735
6967,1,1464446339,3723.4023
6968,1,1464446341,3721.4458
6969,1,1464446342,3723.7646
6970,1,1464446344,3722.4058
6971,1,1464446345,3723.7087
6972,1,1464446347,3725.176
6973,1,1464446348,3723.0386
6974,1,1464446350,3722.5007
6975,1,1464446351,3721.1357
6976,1,1464446353,3721.2036
6977,1,1464446354,3723.2505
6978,1,1464446355,3722.246
6979,1,1464446357,3723.5356
6980,1,1464446358,3723.3286
6981,1,1464446360,3722.881
6982,1,1464446361,3723.7532
6983,1,1464446363,3725.5986
6984,1,1464446364,3725.0273
6985,1,1464446366,3725.3203
6986,1,1464446367,3724.5815
6987,1,1464446369,3724.5264
6988,1,1464446370,3725.71
6989,1,1464446371,3725.193
6990,1,1464446373,3726.2766
6991,1,1464446374,3725.3308
6992,1,1464446376,3725.4565
6993,1,1464446377,3725.3298
6994,1,1464446379,3724.2388
6995,1,1464446380,3724.12
6996,1,1464446382,3722.4456
6997,1,1464446383,3724.6953
6998,1,1464446385,3723.9187
6999,1,1464446386,3723.9556
7000,1,1464446388,3723.899
7001,1,1464446389,3724.7576
7002,1,1464446390,3722.9932
7003,1,1464446392,3723.031
7004,1,1464446393,3723.748
7005,1,1464446395,3722.609
7006,1,1464446396,3722.1982
7007,1,1464446398,3722.8442
7008,1,1464446399,3721.1853
7009,1,1464446401,3722.0308
7010,1,1464446402,3721.1985
7011,1,1464446404,3719.0276
7012,1,1464446405,3715.155
7013,1,1464446406,3716.1216
7014,1,1464446408,3716.3728
7015,1,1464446409,3717.9275
7016,1,1464446411,3718.276
7017,1,1464446412,3718.1616
7018,1,1464446414,3717.9
7019,1,1464446415,3718.827
7020,1,1464446417,3717.1882
7021,1,1464446418,3718.6682
7022,1,1464446420,3719.3833
7023,1,1464446421,3719.1204
7024,1,1464446422,3718.0098
7025,1,1464446424,3719.3474
7026,1,1464446425,3720.1458
7027,1,1464446427,3720.8674
7028,1,1464446428,3721.4756
7029,1,1464446430,3722.6218
7030,1,1464446431,3720.751
7031,1,1464446433,3722.986
7032,1,1464446434,3721.8967
7033,1,1464446436,3722.7297
7034,1,1464446437,3721.182
7035,1,1464446438,3722.3318
7036,1,1464446440,3721.299
7037,1,1464446441,3721.3257
7038,1,1464446443,3721.3306
7039,1,1464446444,3720.4177
7040,1,1464446446,3721.5393
7041,1,1464446447,3720.1143
7042,1,1464446449,3720.468
7043,1,1464446450,3720.1248
7044,1,1464446452,3721.5178
7045,1,1464446453,3720.0076
7046,1,1464446455,3720.2441
7047,1,1464446456,3720.9412
7048,1,1464446457,3721.792
7049,1,1464446459,3721.8638
7050,1,1464446460,3721.4722
7051,1,1464446462,3721.5762
7052,1,1464446463,3721.7083
7053,1,1464446465,3721.2043
7054,1,1464446466,3720.6863
7055,1,1464446468,3721.3467
7056,1,1464446469,3720.7234
7057,1,1464446471,3720.1255
7058,1,1464446472,3719.6252
7059,1,1464446473,3720.9592
7060,1,1464446475,3720.1084
7061,1,1464446476,3719.3003
7062,1,1464446478,3720.4888
7063,1,1464446479,3719.3247
7064,1,1464446481,3719.9312
7065,1,1464446482,3719.9734
7066,1,1464446484,3720.119
7067,1,1464446485,3720.8008
7068,1,1464446487,3720.525
7069,1,1464446488,3721.5496
7070,1,1464446489,3721.3347
7071,1,1464446491,3721.092
7072,1,1464446492,3721.59
7073,1,1464446494,3721.52
7074,1,1464446495,3719.9238
7075,1,1464446497,3720.8162
7076,1,1464446498,3720.5332
7077,1,1464446500,3720.0906
7078,1,1464446501,3722.2595
7079,1,1464446503,3720.7087
7080,1,1464446504,3721.7935
7081,1,1464446506,3723.4312
7082,1,1464446507,3723.9377
7083,1,1464446508,3723.5432
7084,1,1464446510,3723.5688
7085,1,1464446511,3724.0088
7086,1,1464446513,3725.2534
7087,1,1464446514,3723.8862
7088,1,1464446516,3724.2834
7089,1,1464446517,3724.0833
7090,1,1464446519,3723.9502
7091,1,1464446520,3722.6714
7092,1,1464446522,3723.0715
7093,1,1464446523,3721.1003
7094,1,1464446524,3722.209
7095,1,1464446526,3719.2756
7096,1,1464446527,3720.5273
7097,1,1464446529,3721.3928
7098,1,1464446530,3721.2744
7099,1,1464446532,3720.145
7100,1,1464446533,3720.3108
7101,1,1464446535,3719.105
7102,1,1464446536,3720.5054
7103,1,1464446538,3721.0706
7104,1,1464446539,3719.829
7105,1,1464446540,3719.4197
7106,1,1464446542,3719.643
7107,1,1464446543,3719.74
7108,1,1464446545,3719.8696
7109,1,1464446546,3719.9646
7110,1,1464446548,3719.0686
7111,1,1464446549,3716.6094
7112,1,1464446551,3716.4265
7113,1,1464446552,3717.4727
7114,1,1464446554,3716.4849
7115,1,1464446555,3718.1868
7116,1,1464446557,3718.7886
7117,1,1464446558,3717.5305
7118,1,1464446559,3717.4963
7119,1,1464446561,3716.1797
7120,1,1464446562,3715.8965
7121,1,1464446564,3715.7354
7122,1,1464446565,3717.7197
7123,1,1464446567,3716.5876
7124,1,1464446568,3717.275
7125,1,1464446570,3717.5464
7126,1,1464446571,3718.1138
7127,1,1464446573,3717.8877
7128,1,1464446574,3717.5562
7129,1,1464446575,3718.372
7130,1,1464446577,3717.611
7131,1,1464446578,3718.6875
7132,1,1464446580,3718.6978
7133,1,1464446581,3719.5703
7134,1,1464446583,3718.9595
7135,1,1464446584,3720.0132
7136,1,1464446586,3719.8962
7137,1,1464446587,3719.7004
7138,1,1464446589,3719.7456
7139,1,1464446590,3719.8035
7140,1,1464446591,3718.2842
7141,1,1464446593,3718.9915
7142,1,1464446594,3718.7983
7143,1,1464446596,3718.2585
7144,1,1464446597,3718.9023
7145,1,1464446599,3719.2544
7146,1,1464446600,3719.4739
7147,1,1464446602,3720.61
7148,1,1464446603,3719.9556
7149,1,1464446605,3719.2898
7150,1,1464446606,3719.1182
7151,1,1464446608,3719.753
7152,1,1464446609,3717.5542
7153,1,1464446610,3719.5774
7154,1,1464446612,3719.491
7155,1,1464446613,3720.021
7156,1,1464446615,3717.867
7157,1,1464446616,3719.124
7158,1,1464446618,3718.9363
7159,1,1464446619,3718.8386
7160,1,1464446621,3717.8008
7161,1,1464446622,3715.9473
7162,1,1464446624,3716.2463
7163,1,1464446625,3715.204
7164,1,1464446627,3714.607
7165,1,1464446628,3713.5571
7166,1,1464446630,3713.4758
7167,1,1464446631,3714.9292
7168,1,1464446633,3714.9148
7169,1,1464446634,3714.829
7170,1,1464446636,3715.1462
7171,1,1464446637,3715.57
7172,1,1464446638,3715.6633
7173,1,1464446640,3715.3599
7174,1,1464446641,3715.8667
7175,1,1464446643,3715.7444
7176,1,1464446644,3715.0789
7177,1,1464446646,3715.5708
7178,1,1464446647,3715.7231
7179,1,1464446649,3718.171
7180,1,1464446650,3715.574
7181,1,1464446652,3715.8137
7182,1,1464446653,3715.56
7183,1,1464446654,3715.9358
7184,1,1464446656,3713.9775
7185,1,1464446657,3714.7979
7186,1,1464446659,3715.0996
7187,1,1464446660,3716.1868
7188,1,1464446662,3714.9968
7189,1,1464446663,3715.248
7190,1,1464446665,3714.9878
7191,1,1464446666,3716.1292
7192,1,1464446668,3715.2922
7193,1,1464446669,3716.3462
7194,1,1464446671,3714.8083
7195,1,1464446672,3714.6997
7196,1,1464446673,3714.8447
7197,1,1464446675,3715.228
7198,1,1464446676,3714.1006
7199,1,1464446678,3714.5781
7200,1,1464446679,3714.7393
7201,1,1464446681,3714.8118
7202,1,1464446682,3715.3381
7203,1,1464446684,3712.7102
7204,1,1464446685,3713.701
7205,1,1464446687,3713.2449
7206,1,1464446688,3712.3157
7207,1,1464446689,3712.5776
7208,1,1464446691,3712.5154
7209,1,1464446692,3713.5078
7210,1,1464446694,3713.213
7211,1,1464446695,3714.2
7212,1,1464446697,3713.7083
7213,1,1464446698,3712.7053
7214,1,1464446700,3711.8682
7215,1,1464446701,3713.3105
7216,1,1464446703,3712.8496
7217,1,1464446704,3711.704
7218,1,1464446706,3712.141
7219,1,1464446707,3712.4788
7220,1,1464446708,3711.4653
7221,1,1464446710,3710.7703
7222,1,1464446711,3711.1904
7223,1,1464446713,3711.4448
7224,1,1464446714,3711.8196
7225,1,1464446716,3711.5374
7226,1,1464446717,3710.722
7227,1,1464446719,3711.4736
7228,1,1464446720,3712.8203
7229,1,1464446722,3712.6843
7230,1,1464446723,3711.009
7231,1,1464446724,3710.5063
7232,1,1464446726,3710.2751
7233,1,1464446727,3711.4744
7234,1,1464446729,3710.4844
7235,1,1464446730,3712.3394
7236,1,1464446732,3710.2927
7237,1,1464446733,3710.883
7238,1,1464446735,3710.7805
7239,1,1464446736,3709.2332
7240,1,1464446738,3710.2703
7241,1,1464446739,3710.6458
7242,1,1464446740,3711.5994
7243,1,1464446742,3710.909
7244,1,1464446743,3712.0278
7245,1,1464446745,3709.9392
7246,1,1464446746,3710.6763
7247,1,1464446748,3709.3284
7248,1,1464446749,3710.4387
7249,1,1464446751,3708.4192
7250,1,1464446752,3709.7695
7251,1,1464446754,3710.014
7252,1,1464446755,3708.8328
7253,1,1464446756,3710.8328
7254,1,1464446758,3711.0918
7255,1,1464446759,3711.2483
7256,1,1464446761,3710.412
7257,1,1464446762,3709.6846
7258,1,1464446764,3709.78
7259,1,1464446765,3707.6304
7260,1,1464446767,3711.7935
7261,1,1464446768,3710.5762
7262,1,1464446770,3710.0254
7263,1,1464446771,3709.4578
7264,1,1464446773,3710.0923
7265,1,1464446774,3709.9775
7266,1,1464446775,3709.4194
7267,1,1464446777,3710.296
7268,1,1464446778,3708.787
7269,1,1464446780,3708.0923
7270,1,1464446781,3708.8457
7271,1,1464446783,3710.5876
7272,1,1464446784,3710.079
7273,1,1464446786,3710.1655
7274,1,1464446787,3708.939
7275,1,1464446789,3710.1055
7276,1,1464446790,3710.728
7277,1,1464446791,3711.0452
7278,1,1464446793,3708.5244
7279,1,1464446794,3710.231
7280,1,1464446796,3710.0132
7281,1,1464446797,3709.5786
7282,1,1464446799,3709.9087
7283,1,1464446800,3708.8645
7284,1,1464446802,3708.832
7285,1,1464446803,3708.737
7286,1,1464446805,3708.1997
7287,1,1464446806,3708.9888
7288,1,1464446807,3706.6956
7289,1,1464446809,3706.7048
7290,1,1464446810,3707.769
7291,1,1464446812,3706.669
7292,1,1464446813,3707.5132
7293,1,1464446815,3705.981
7294,1,1464446816,3705.84
7295,1,1464446818,3706.2568
7296,1,1464446819,3705.254
7297,1,1464446821,3706.2722
7298,1,1464446822,3705.2988
7299,1,1464446823,3701.4072
7300,1,1464446825,3700.268
7301,1,1464446826,3701.01
7302,1,1464446828,3701.2893
7303,1,1464446829,3702.5784
7304,1,1464446831,3702.9192
7305,1,1464446832,3704.0752
7306,1,1464446834,3701.5422
7307,1,1464446835,3702.3706
7308,1,1464446837,3702.8696
7309,1,1464446838,3703.2644
7310,1,1464446840,3704.1665
7311,1,1464446841,3704.169
7312,1,1464446842,3703.875
7313,1,1464446844,3705.4126
7314,1,1464446845,3706.0684
7315,1,1464446847,3705.0935
7316,1,1464446848,3705.969
7317,1,1464446850,3704.8835
7318,1,1464446851,3704.0493
7319,1,1464446853,3703.9844
7320,1,1464446854,3703.7502
7321,1,1464446856,3704.6936
7322,1,1464446857,3705.3977
7323,1,1464446858,3704.5315
7324,1,1464446860,3703.5232
7325,1,1464446861,3705.2239
7326,1,1464446863,3705.3867
7327,1,1464446864,3704.3281
7328,1,1464446866,3705.861
7329,1,1464446867,3706.1116
7330,1,1464446869,3706.9136
7331,1,1464446870,3707.0188
7332,1,1464446872,3707.467
7333,1,1464446873,3706.4272
7334,1,1464446874,3706.7063
7335,1,1464446876,3704.0823
7336,1,1464446877,3703.932
7337,1,1464446879,3704.664
7338,1,1464446880,3704.983
7339,1,1464446882,3704.066
7340,1,1464446883,3703.5798
7341,1,1464446885,3703.4082
7342,1,1464446886,3704.51
7343,1,1464446888,3703.0764
7344,1,1464446889,3702.9873
7345,1,1464446891,3704.6655
7346,1,1464446892,3705.9346
7347,1,1464446893,3706.4812
7348,1,1464446895,3705.688
7349,1,1464446896,3705.1775
7350,1,1464446898,3703.8047
7351,1,1464446899,3704.7517
7352,1,1464446901,3706.1765
7353,1,1464446902,3703.924
7354,1,1464446904,3703.199
7355,1,1464446905,3706.2556
7356,1,1464446907,3706.4824
7357,1,1464446908,3704.2314
7358,1,1464446909,3706.4038
7359,1,1464446911,3706.4624
7360,1,1464446912,3707.4136
7361,1,1464446914,3706.9944
7362,1,1464446915,3710.7083
7363,1,1464446917,3709.53
7364,1,1464446918,3709.1797
7365,1,1464446920,3708.6272
7366,1,1464446921,3710.2725
7367,1,1464446923,3707.647
7368,1,1464446924,3708.7856
7369,1,1464446925,3706.5679
7370,1,1464446927,3707.499
7371,1,1464446928,3706.9321
7372,1,1464446930,3707.892
7373,1,1464446931,3708.2432
7374,1,1464446933,3706.4675
7375,1,1464446934,3707.2783
7376,1,1464446936,3707.9407
7377,1,1464446937,3706.8782
7378,1,1464446939,3707.333
7379,1,1464446940,3705.6096
7380,1,1464446942,3703.9043
7381,1,1464446943,3703.5264
7382,1,1464446944,3703.9392
7383,1,1464446946,3705.7212
7384,1,1464446947,3704.0232
7385,1,1464446949,3704.744
7386,1,1464446950,3704.192
7387,1,1464446952,3703.0417
7388,1,1464446953,3703.2615
7389,1,1464446955,3700.3716
7390,1,1464446956,3699.9817
7391,1,1464446958,3700.8525
7392,1,1464446959,3699.7917
7393,1,1464446960,3699.5396
7394,1,1464446962,3700.9016
7395,1,1464446963,3700.2432
7396,1,1464446965,3701.3044
7397,1,1464446966,3700.3628
7398,1,1464446968,3702.598
7399,1,1464446969,3701.6697
7400,1,1464446971,3702.1243
7401,1,1464446972,3701.4653
7402,1,1464446974,3702.6343
7403,1,1464446975,3702.679
7404,1,1464446976,3701.681
7405,1,1464446978,3702.078
7406,1,1464446979,3703.237
7407,1,1464446981,3704.639
7408,1,1464446982,3701.9604
7409,1,1464446984,3703.5505
7410,1,1464446985,3704.5894
7411,1,1464446987,3704.4795
7412,1,1464446988,3704.215
7413,1,1464446990,3702.2505
7414,1,1464446991,3701.8374
7415,1,1464446993,3702.4407
7416,1,1464446994,3700.7607
7417,1,1464446995,3701.7883
7418,1,1464446997,3701.0955
7419,1,1464446998,3701.1328
7420,1,1464447000,3701.8228
7421,1,1464447001,3703.0166
7422,1,1464447003,3701.3545
7423,1,1464447004,3701.5493
7424,1,1464447006,3702.788
7425,1,1464447007,3700.8018
7426,1,1464447009,3700.282
7427,1,1464447010,3700.9858
7428,1,1464447011,3700.497
7429,1,1464447013,3700.4543
7430,1,1464447014,3700.3013
7431,1,1464447016,3699.4038
7432,1,1464447017,3699.7686
7433,1,1464447019,3701.188
7434,1,1464447020,3700.9543
7435,1,1464447022,3701.8984
7436,1,1464447023,3700.5688
7437,1,1464447025,3701.7764
7438,1,1464447026,3700.788
7439,1,1464447027,3700.4817
7440,1,1464447029,3700.303
7441,1,1464447030,3700.3499
7442,1,1464447032,3699.4019
7443,1,1464447033,3700.047
7444,1,1464447035,3699.466
7445,1,1464447036,3699.4043
7446,1,1464447038,3701.0486
7447,1,1464447039,3699.8376
7448,1,1464447041,3700.0632
7449,1,1464447042,3699.7542
7450,1,1464447044,3699.3828
7451,1,1464447045,3700.1233
7452,1,1464447046,3699.0322
7453,1,1464447048,3699.2717
7454,1,1464447049,3698.4907
7455,1,1464447051,3698.1743
7456,1,1464447052,3700.3657
7457,1,1464447054,3699.9355
7458,1,1464447055,3700.6401
7459,1,1464447057,3700.5688
7460,1,1464447058,3699.4653
7461,1,1464447060,3699.6602
7462,1,1464447061,3698.4
7463,1,1464447062,3698.5764
7464,1,1464447064,3700.4053
7465,1,1464447065,3698.6646
7466,1,1464447067,3697.7034
7467,1,1464447068,3697.678
7468,1,1464447070,3697.3176
7469,1,1464447071,3698.2537
7470,1,1464447073,3695.5647
7471,1,1464447074,3697.224
7472,1,1464447076,3697.537
7473,1,1464447077,3698.4336
7474,1,1464447078,3698.8215
7475,1,1464447080,3698.1038
7476,1,1464447081,3697.4478
7477,1,1464447083,3698.3975
7478,1,1464447084,3697.4155
7479,1,1464447086,3697.6104
7480,1,1464447087,3697.2463
7481,1,1464447089,3698.5623
7482,1,1464447090,3697.3977
7483,1,1464447092,3697.4333
7484,1,1464447093,3697.4941
7485,1,1464447094,3696.762
7486,1,1464447096,3697.1438
7487,1,1464447097,3697.02
7488,1,1464447099,3697.91
7489,1,1464447100,3697.4028
7490,1,1464447102,3695.6995
7491,1,1464447103,3698.3218
7492,1,1464447105,3698.207
7493,1,1464447106,3699.2783
7494,1,1464447108,3698.5767
7495,1,1464447109,3697.8547
7496,1,1464447111,3697.9023
7497,1,1464447112,3699.5105
7498,1,1464447113,3698.3438
7499,1,1464447115,3697.3083
7500,1,1464447116,3698.5493
7501,1,1464447118,3697.1675
7502,1,1464447119,3698.065
7503,1,1464447121,3699.0237
7504,1,1464447122,3699.1877
7505,1,1464447124,3696.5125
7506,1,1464447125,3697.2322
7507,1,1464447127,3697.223
7508,1,1464447128,3696.7153
7509,1,1464447129,3697.4407
7510,1,1464447131,3697.584
7511,1,1464447132,3696.4268
7512,1,1464447134,3693.8708
7513,1,1464447135,3695.1477
7514,1,1464447137,3694.8416
7515,1,1464447138,3695.8616
7516,1,1464447140,3697.2534
7517,1,1464447141,3696.8345
7518,1,1464447143,3696.0317
7519,1,1464447144,3695.5513
7520,1,1464447145,3696.4717
7521,1,1464447147,3697.0034
7522,1,1464447148,3697.4941
7523,1,1464447150,3696.2883
7524,1,1464447151,3696.4167
7525,1,1464447153,3695.8655
7526,1,1464447154,3697.0464
7527,1,1464447156,3696.3442
7528,1,1464447157,3697.6526
7529,1,1464447159,3697.4495
7530,1,1464447160,3698.385
7531,1,1464447162,3696.2183
7532,1,1464447163,3696.3167
7533,1,1464447164,3697.1099
7534,1,1464447166,3695.9338
7535,1,1464447167,3697.178
7536,1,1464447169,3697.5261
7537,1,1464447170,3698.1748
7538,1,1464447172,3698.2305
7539,1,1464447173,3697.4087
7540,1,1464447175,3697.7583
7541,1,1464447176,3697.7844
7542,1,1464447178,3699.1372
7543,1,1464447179,3697.704
7544,1,1464447180,3698.923
7545,1,1464447182,3697.0156
7546,1,1464447183,3696.6672
7547,1,1464447185,3697.5547
7548,1,1464447186,3695.6772
7549,1,1464447188,3696.295
7550,1,1464447189,3695.6782
7551,1,1464447191,3694.6707
7552,1,1464447192,3695.8345
7553,1,1464447194,3695.5728
7554,1,1464447195,3694.316
7555,1,1464447196,3694.1292
7556,1,1464447198,3694.671
7557,1,1464447199,3693.4055
7558,1,1464447201,3689.977
7559,1,1464447202,3687.1475
7560,1,1464447204,3686.8013
7561,1,1464447205,3687.3037
7562,1,1464447207,3690.71
7563,1,1464447208,3691.4958
7564,1,1464447210,3692.0747
7565,1,1464447211,3692.2065
7566,1,1464447213,3690.003
7567,1,1464447214,3690.5347
7568,1,1464447215,3689.7922
7569,1,1464447217,3689.9941
7570,1,1464447218,3690.1924
7571,1,1464447220,3692.4182
7572,1,1464447221,3691.0706
7573,1,1464447223,3692.4978
7574,1,1464447224,3692.7754
7575,1,1464447226,3693.1113
7576,1,1464447227,3693.2083
7577,1,1464447229,3693.189
7578,1,1464447230,3692.407
7579,1,1464447231,3692.207
7580,1,1464447233,3691.8125
7581,1,1464447234,3693.502
7582,1,1464447236,3694.3271
7583,1,1464447237,3693.6792
7584,1,1464447239,3693.0486
7585,1,1464447240,3692.1543
7586,1,1464447242,3692.5464
7587,1,1464447243,3692.8118
7588,1,1464447245,3692.917
7589,1,1464447246,3692.437
7590,1,1464447247,3692.1743
7591,1,1464447249,3692.5547
7592,1,1464447250,3694.1384
7593,1,1464447252,3693.212
7594,1,1464447253,3693.6936
7595,1,1464447255,3694.6133
7596,1,1464447256,3694.0706
7597,1,1464447258,3694.1392
7598,1,1464447259,3691.0942
7599,1,1464447261,3692.3872
7600,1,1464447262,3692.7075
7601,1,1464447264,3692.1252
7602,1,1464447265,3691.497
7603,1,1464447266,3692.2324
7604,1,1464447268,3691.0708
7605,1,1464447269,3692.7317
7606,1,1464447271,3693.055
7607,1,1464447272,3692.866
7608,1,1464447274,3690.028
7609,1,1464447275,3692.8682
7610,1,1464447277,3692.1611
7611,1,1464447278,3692.1982
7612,1,1464447280,3694.8413
7613,1,1464447281,3692.5208
7614,1,1464447282,3692.9604
7615,1,1464447284,3692.7395
7616,1,1464447285,3694.748
7617,1,1464447287,3692.9678
7618,1,1464447288,3693.467
7619,1,1464447290,3693.104
7620,1,1464447291,3692.612
7621,1,1464447293,3691.8381
7622,1,1464447294,3691.783
7623,1,1464447296,3691.019
7624,1,1464447297,3691.7568
7625,1,1464447298,3690.787
7626,1,1464447300,3693.1736
7627,1,1464447301,3694.2559
7628,1,1464447303,3695.4104
7629,1,1464447304,3695.6104
7630,1,1464447306,3694.8374
7631,1,1464447307,3695.4688
7632,1,1464447309,3693.564
7633,1,1464447310,3694.3223
7634,1,1464447312,3692.2708
7635,1,1464447313,3691.528
7636,1,1464447314,3691.7239
7637,1,1464447316,3691.5132
7638,1,1464447317,3690.3628
7639,1,1464447319,3689.465
7640,1,1464447320,3689.8423
7641,1,1464447322,3688.698
7642,1,1464447323,3686.5244
7643,1,1464447325,3686.9001
7644,1,1464447326,3686.7297
7645,1,1464447328,3685.5356
7646,1,1464447329,3684.1123
7647,1,1464447331,3684.7502
7648,1,1464447332,3686.2627
7649,1,1464447333,3686.5806
7650,1,1464447335,3685.4585
7651,1,1464447336,3684.2283
7652,1,1464447338,3684.1572
7653,1,1464447339,3682.4146
7654,1,1464447341,3682.4556
7655,1,1464447342,3685.316
7656,1,1464447344,3684.3857
7657,1,1464447345,3684.0396
7658,1,1464447347,3685.0002
7659,1,1464447348,3683.3337
7660,1,1464447349,3683.0652
7661,1,1464447351,3682.334
7662,1,1464447352,3682.5715
7663,1,1464447354,3681.8374
7664,1,1464447355,3682.729
7665,1,1464447357,3681.7205
7666,1,1464447358,3682.8237
7667,1,1464447360,3683.3535
7668,1,1464447361,3682.7075
7669,1,1464447363,3683.6978
7670,1,1464447364,3682.9863
7671,1,1464447365,3684.6943
7672,1,1464447367,3683.8967
7673,1,1464447368,3683.8467
7674,1,1464447370,3684.1833
7675,1,1464447371,3685.0615
7676,1,1464447373,3684.8953
7677,1,1464447374,3683.237
7678,1,1464447376,3672.6577
7679,1,1464447377,3646.8855
7680,1,1464447379,3644.6655
7681,1,1464447380,3684.587
7682,1,1464447382,3685.7346
7683,1,1464447383,3684.5842
7684,1,1464447384,3684.4788
7685,1,1464447386,3684.579
7686,1,1464447387,3683.766
7687,1,1464447389,3682.9146
7688,1,1464447390,3684.8435
7689,1,1464447392,3684.6172
7690,1,1464447393,3685.6921
7691,1,1464447395,3684.7676
7692,1,1464447396,3683.4968
7693,1,1464447398,3684.0703
7694,1,1464447399,3684.6985
7695,1,1464447400,3686.1677
7696,1,1464447402,3685.0576
7697,1,1464447403,3685.217
7698,1,1464447405,3685.6465
7699,1,1464447406,3684.175
7700,1,1464447408,3684.936
7701,1,1464447409,3684.894
7702,1,1464447411,3685.3767
7703,1,1464447412,3686.3682
7704,1,1464447414,3685.0903
7705,1,1464447415,3686.8264
7706,1,1464447416,3685.9304
7707,1,1464447418,3685.557
7708,1,1464447419,3683.757
7709,1,1464447421,3686.063
7710,1,1464447422,3684.296
7711,1,1464447424,3684.4207
7712,1,1464447425,3684.396
7713,1,1464447427,3683.8538
7714,1,1464447428,3684.1443
7715,1,1464447430,3684.723
7716,1,1464447431,3685.5388
7717,1,1464447433,3684.3442
7718,1,1464447434,3685.5269
7719,1,1464447435,3685.8416
7720,1,1464447437,3686.31
7721,1,1464447438,3685.658
7722,1,1464447440,3685.6287
7723,1,1464447441,3684.8108
7724,1,1464447443,3685.1255
7725,1,1464447444,3685.7468
7726,1,1464447446,3686.102
7727,1,1464447447,3684.023
7728,1,1464447449,3685.6863
7729,1,1464447450,3684.8604
7730,1,1464447451,3686.3135
7731,1,1464447453,3684.087
7732,1,1464447454,3684.6282
7733,1,1464447456,3685.578
7734,1,1464447457,3684.0457
7735,1,1464447459,3684.946
7736,1,1464447460,3684.0364
7737,1,1464447462,3683.141
7738,1,1464447463,3685.251
7739,1,1464447465,3684.5613
7740,1,1464447466,3683.933
7741,1,1464447467,3683.9072
7742,1,1464447469,3683.4365
7743,1,1464447470,3684.1274
7744,1,1464447472,3682.6987
7745,1,1464447473,3683.762
7746,1,1464447475,3683.224
7747,1,1464447476,3682.6829
7748,1,1464447478,3680.201
7749,1,1464447479,3683.7808
7750,1,1464447481,3682.846
7751,1,1464447482,3682.2793
7752,1,1464447484,3681.764
7753,1,1464447485,3683.0188
7754,1,1464447486,3683.808
7755,1,1464447488,3681.9773
7756,1,1464447489,3682.9585
7757,1,1464447491,3682.9695
7758,1,1464447492,3683.0173
7759,1,1464447494,3683.136
7760,1,1464447495,3683.4355
7761,1,1464447497,3681.7588
7762,1,1464447498,3680.5896
7763,1,1464447500,3681.882
7764,1,1464447501,3681.3755
7765,1,1464447502,3681.9873
7766,1,1464447504,3681.0935
7767,1,1464447505,3682.2227
7768,1,1464447507,3681.3987
7769,1,1464447508,3682.3958
7770,1,1464447510,3682.2468
7771,1,1464447511,3681.5803
7772,1,1464447513,3681.8486
7773,1,1464447514,3681.858
7774,1,1464447516,3681.267
7775,1,1464447517,3681.5789
7776,1,1464447518,3680.4941
7777,1,1464447520,3681.364
7778,1,1464447521,3680.3752
7779,1,1464447523,3681.357
7780,1,1464447524,3680.7822
7781,1,1464447526,3682.0215
7782,1,1464447527,3682.5364
7783,1,1464447529,3683.1838
7784,1,1464447530,3683.2168
7785,1,1464447532,3682.9822
7786,1,1464447533,3684.5796
7787,1,1464447534,3683.2043
7788,1,1464447536,3684.4976
7789,1,1464447537,3681.4138
7790,1,1464447539,3682.9404
7791,1,1464447540,3683.158
7792,1,1464447542,3680.5713
7793,1,1464447543,3681.7998
7794,1,1464447545,3680.421
7795,1,1464447546,3679.4072
7796,1,1464447548,3681.3916
7797,1,1464447549,3681.2993
7798,1,1464447551,3682.3442
7799,1,1464447552,3682.579
7800,1,1464447553,3682.5789
7801,1,1464447555,3682.9219
7802,1,1464447556,3682.8108
7803,1,1464447558,3680.9338
7804,1,1464447559,3681.2827
7805,1,1464447561,3681.7036
7806,1,1464447562,3680.4172
7807,1,1464447564,3680.0032
7808,1,1464447565,3681.365
7809,1,1464447567,3680.1333
7810,1,1464447568,3679.5308
7811,1,1464447569,3679.7932
7812,1,1464447571,3679.715
7813,1,1464447572,3677.0645
7814,1,1464447574,3677.6199
7815,1,1464447575,3678.449
7816,1,1464447577,3676.5715
7817,1,1464447578,3677.4072
7818,1,1464447580,3677.4136
7819,1,1464447581,3678.323
7820,1,1464447583,3678.4417
7821,1,1464447584,3677.4778
7822,1,1464447585,3676.437
7823,1,1464447587,3674.475
7824,1,1464447588,3673.2869
7825,1,1464447590,3675.1445
7826,1,1464447591,3673.3545
7827,1,1464447593,3673.417
7828,1,1464447594,3674.8816
7829,1,1464447596,3675.6675
7830,1,1464447597,3673.6294
7831,1,1464447599,3674.982
7832,1,1464447600,3675.2512
7833,1,1464447602,3676.1372
7834,1,1464447603,3675.3535
7835,1,1464447604,3675.8872
7836,1,1464447606,3676.637
7837,1,1464447607,3679.1992
7838,1,1464447609,3677.2102
7839,1,1464447610,3677.5715
7840,1,1464447612,3678.0312
7841,1,1464447613,3678.597
7842,1,1464447615,3678.8923
7843,1,1464447616,3676.7969
7844,1,1464447618,3676.3335
7845,1,1464447619,3677.7117
7846,1,1464447620,3677.1152
7847,1,1464447622,3678.0774
7848,1,1464447623,3678.5913
7849,1,1464447625,3676.8357
7850,1,1464447626,3678.5935
7851,1,1464447628,3676.7659
7852,1,1464447629,3677.817
7853,1,1464447631,3679.3054
7854,1,1464447632,3679.531
7855,1,1464447634,3679.1882
7856,1,1464447635,3679.18
7857,1,1464447636,3678.3123
7858,1,1464447638,3678.327
7859,1,1464447639,3678.338
7860,1,1464447641,3678.8374
7861,1,1464447642,3679.5212
7862,1,1464447644,3680.7195
7863,1,1464447645,3680.2192
7864,1,1464447647,3679.5828
7865,1,1464447648,3679.7258
7866,1,1464447650,3679.2024
7867,1,1464447651,3679.3853
7868,1,1464447653,3678.2656
7869,1,1464447654,3678.2747
7870,1,1464447655,3678.2603
7871,1,1464447657,3677.8523
7872,1,1464447658,3678.0493
7873,1,1464447660,3677.5762
7874,1,1464447661,3679.6274
7875,1,1464447663,3678.713
7876,1,1464447664,3679.5803
7877,1,1464447666,3679.8147
7878,1,1464447667,3679.711
7879,1,1464447669,3678.4949
7880,1,1464447670,3678.6614
7881,1,1464447671,3679.0747
7882,1,1464447673,3680.1367
7883,1,1464447674,3679.4297
7884,1,1464447676,3678.2964
7885,1,1464447677,3679.8638
7886,1,1464447679,3678.9812
7887,1,1464447680,3679.8403
7888,1,1464447682,3679.434
7889,1,1464447683,3678.921
7890,1,1464447685,3679.319
7891,1,1464447686,3678.8257
7892,1,1464447687,3677.7017
7893,1,1464447689,3678.0442
7894,1,1464447690,3677
7895,1,1464447692,3679.6677
7896,1,1464447693,3677.6904
7897,1,1464447695,3676.2483
7898,1,1464447696,3675.5303
7899,1,1464447698,3675.5894
7900,1,1464447699,3674.377
7901,1,1464447701,3675.087
7902,1,1464447702,3675.01
7903,1,1464447704,3675.7427
7904,1,1464447705,3673.341
7905,1,1464447706,3675.076
7906,1,1464447708,3674.6614
7907,1,1464447709,3674.0205
7908,1,1464447711,3673.061
7909,1,1464447712,3673.5227
7910,1,1464447714,3672.4087
7911,1,1464447715,3672.7874
7912,1,1464447717,3671.8923
7913,1,1464447718,3671.8748
7914,1,1464447720,3669.9678
7915,1,1464447721,3669.4846
7916,1,1464447722,3670.3362
7917,1,1464447724,3670.8396
7918,1,1464447725,3670.4475
7919,1,1464447727,3669.8657
7920,1,1464447728,3670.682
7921,1,1464447730,3671.89
7922,1,1464447731,3671.8508
7923,1,1464447733,3673.047
7924,1,1464447734,3672.513
7925,1,1464447736,3673.1282
7926,1,1464447737,3671.986
7927,1,1464447738,3673.319
7928,1,1464447740,3673.6042
7929,1,1464447741,3674.53
7930,1,1464447743,3673.2322
7931,1,1464447744,3673.2969
7932,1,1464447746,3672.6538
7933,1,1464447747,3673.4954
7934,1,1464447749,3671.7698
7935,1,1464447750,3671.7747
7936,1,1464447752,3672.066
7937,1,1464447753,3672.2688
7938,1,1464447755,3671.858
7939,1,1464447756,3671.9155
7940,1,1464447757,3672.8525
7941,1,1464447759,3672.661
7942,1,1464447760,3670.785
7943,1,1464447762,3670.7163
7944,1,1464447763,3671.4622
7945,1,1464447765,3671.823
7946,1,1464447766,3670.4204
7947,1,1464447768,3669.1838
7948,1,1464447769,3669.521
7949,1,1464447771,3671.2012
7950,1,1464447772,3670.6125
7951,1,1464447774,3671.9631
7952,1,1464447775,3672.2896
7953,1,1464447777,3670.5823
7954,1,1464447778,3670.07
7955,1,1464447780,3670.7698
7956,1,1464447781,3672.0642
7957,1,1464447783,3672.7288
7958,1,1464447784,3672.8025
7959,1,1464447785,3672.5005
7960,1,1464447787,3672.6467
7961,1,1464447788,3671.8242
7962,1,1464447790,3673.3765
7963,1,1464447791,3673.793
7964,1,1464447793,3673.5576
7965,1,1464447794,3672.6748
7966,1,1464447796,3674.033
7967,1,1464447797,3672.7402
7968,1,1464447799,3671.709
7969,1,1464447800,3672.8218
7970,1,1464447801,3672.7292
7971,1,1464447803,3673.91
7972,1,1464447804,3672.6824
7973,1,1464447806,3671.5176
7974,1,1464447807,3673.0781
7975,1,1464447809,3673.5247
7976,1,1464447810,3672.2278
7977,1,1464447812,3673.44
7978,1,1464447813,3672.903
7979,1,1464447815,3671.8022
7980,1,1464447816,3673.561
7981,1,1464447818,3671.47
7982,1,1464447819,3672.4753
7983,1,1464447820,3671.2297
7984,1,1464447822,3671.1462
7985,1,1464447823,3671.362
7986,1,1464447825,3671.6567
7987,1,1464447826,3670.365
7988,1,1464447828,3672.563
7989,1,1464447829,3671.0159
7990,1,1464447831,3670.7883
7991,1,1464447832,3669.9583
7992,1,1464447834,3670.269
7993,1,1464447835,3671.5393
7994,1,1464447836,3671.9043
7995,1,1464447838,3671.638
7996,1,1464447839,3670.8691
7997,1,1464447841,3672.3762
7998,1,1464447842,3670.4402
7999,1,1464447844,3669.1353
8000,1,1464447845,3669.6633
8001,1,1464447847,3670.4023
8002,1,1464447848,3671.2703
8003,1,1464447850,3671.337
8004,1,1464447851,3669.363
8005,1,1464447852,3670.647
8006,1,1464447854,3670.994
8007,1,1464447855,3671.6938
8008,1,1464447857,3669.287
8009,1,1464447858,3671.5547
8010,1,1464447860,3671.0483
8011,1,1464447861,3670.978
8012,1,1464447863,3671.1729
8013,1,1464447864,3670.9568
8014,1,1464447866,3671.05
8015,1,1464447867,3672.6365
8016,1,1464447869,3671.304
8017,1,1464447870,3670.2473
8018,1,1464447871,3670.169
8019,1,1464447873,3671.0583
8020,1,1464447874,3670.3254
8021,1,1464447876,3670.4128
8022,1,1464447877,3669.157
8023,1,1464447879,3668.2717
8024,1,1464447880,3669.288
8025,1,1464447882,3668.9436
8026,1,1464447883,3667.7957
8027,1,1464447885,3667.7458
8028,1,1464447886,3668.1643
8029,1,1464447887,3669.1533
8030,1,1464447889,3667.7612
8031,1,1464447890,3668.9124
8032,1,1464447892,3668.0715
8033,1,1464447893,3667.7686
8034,1,1464447895,3667.8066
8035,1,1464447896,3667.3784
8036,1,1464447898,3667.482
8037,1,1464447899,3668.2676
8038,1,1464447901,3667.4885
8039,1,1464447902,3666.4856
8040,1,1464447903,3665.6768
8041,1,1464447905,3665.2458
8042,1,1464447906,3664.089
8043,1,1464447908,3661.2786
8044,1,1464447909,3663.004
8045,1,1464447911,3664.228
8046,1,1464447912,3662.694
8047,1,1464447914,3663.3289
8048,1,1464447915,3662.335
8049,1,1464447917,3664.6943
8050,1,1464447918,3663.5303
8051,1,1464447920,3664.1667
8052,1,1464447921,3667.5547
8053,1,1464447922,3668.262
8054,1,1464447924,3670.6555
8055,1,1464447925,3668.2903
8056,1,1464447927,3668.897
8057,1,1464447928,3669.7678
8058,1,1464447930,3670.4185
8059,1,1464447931,3670.1472
8060,1,1464447933,3668.2222
8061,1,1464447934,3669.7783
8062,1,1464447936,3666.271
8063,1,1464447937,3666.3848
8064,1,1464447938,3667.4453
8065,1,1464447940,3666.2566
8066,1,1464447941,3666.448
8067,1,1464447943,3666.6492
8068,1,1464447944,3664.5137
8069,1,1464447946,3665.692
8070,1,1464447947,3664.7344
8071,1,1464447949,3665.974
8072,1,1464447950,3667.1113
8073,1,1464447952,3666.983
8074,1,1464447953,3666.5664
8075,1,1464447954,3666.9324
8076,1,1464447956,3664.9412
8077,1,1464447957,3666.548
8078,1,1464447959,3667.043
8079,1,1464447960,3666.0054
8080,1,1464447962,3666.3586
8081,1,1464447963,3667.545
8082,1,1464447965,3666.5757
8083,1,1464447966,3665.3716
8084,1,1464447968,3666.6301
8085,1,1464447969,3666.4207
8086,1,1464447970,3665.4297
8087,1,1464447972,3666.344
8088,1,1464447973,3666.7231
8089,1,1464447975,3665.6833
8090,1,1464447976,3666.7368
8091,1,1464447978,3665.4324
8092,1,1464447979,3666.862
8093,1,1464447981,3664.594
8094,1,1464447982,3666.0396
8095,1,1464447984,3665.802
8096,1,1464447985,3666.4502
8097,1,1464447987,3667.3628
8098,1,1464447988,3665.3176
8099,1,1464447989,3665.755
8100,1,1464447991,3666.5657
8101,1,1464447992,3666.8274
8102,1,1464447994,3668.943
8103,1,1464447995,3668.0015
8104,1,1464447997,3667.6472
8105,1,1464447998,3666.666
8106,1,1464448000,3668.0862
8107,1,1464448001,3666.4072
8108,1,1464448003,3666.376
8109,1,1464448004,3667.3804
8110,1,1464448005,3666.181
8111,1,1464448007,3666.7197
8112,1,1464448008,3664.6418
8113,1,1464448010,3664.7615
8114,1,1464448011,3665.3865
8115,1,1464448013,3663.334
8116,1,1464448014,3663.767
8117,1,1464448016,3664.4717
8118,1,1464448017,3664.2898
8119,1,1464448019,3664.0151
8120,1,1464448020,3664.4397
8121,1,1464448021,3664.7375
8122,1,1464448023,3662.3325
8123,1,1464448024,3666.4167
8124,1,1464448026,3663.8596
8125,1,1464448027,3662.2075
8126,1,1464448029,3665.6838
8127,1,1464448030,3663.52
8128,1,1464448032,3664.6484
8129,1,1464448033,3663.7842
8130,1,1464448035,3663.8333
8131,1,1464448036,3661.957
8132,1,1464448038,3661.0085
8133,1,1464448039,3660.0386
8134,1,1464448040,3662.332
8135,1,1464448042,3660.1433
8136,1,1464448043,3661.971
8137,1,1464448045,3663.2073
8138,1,1464448046,3663.471
8139,1,1464448048,3662.0823
8140,1,1464448049,3661.5537
8141,1,1464448051,3663.24
8142,1,1464448052,3664.5112
8143,1,1464448054,3665.4016
8144,1,1464448055,3666.2393
8145,1,1464448056,3667.1292
8146,1,1464448058,3666.4253
8147,1,1464448059,3666.728
8148,1,1464448061,3665.2468
8149,1,1464448062,3667.2756
8150,1,1464448064,3666.0115
8151,1,1464448065,3665.5093
8152,1,1464448067,3665.1812
8153,1,1464448068,3663.9053
8154,1,1464448070,3665.7712
8155,1,1464448071,3663.6716
8156,1,1464448072,3663.7515
8157,1,1464448074,3663.7642
8158,1,1464448075,3661.7756
8159,1,1464448077,3661.4536
8160,1,1464448078,3662.4524
8161,1,1464448080,3660.446
8162,1,1464448081,3662.936
8163,1,1464448083,3662.5627
8164,1,1464448084,3661.6946
8165,1,1464448086,3661.0942
8166,1,1464448087,3663.3235
8167,1,1464448089,3664.756
8168,1,1464448090,3663.3386
8169,1,1464448091,3664.65
8170,1,1464448093,3663.562
8171,1,1464448094,3663.8699
8172,1,1464448096,3665.097
8173,1,1464448097,3664.453
8174,1,1464448099,3663.8958
8175,1,1464448100,3663.762
8176,1,1464448102,3663.5803
8177,1,1464448103,3663.2363
8178,1,1464448105,3663.2312
8179,1,1464448106,3661.9128
8180,1,1464448107,3662.67
8181,1,1464448109,3662.3967
8182,1,1464448110,3662.786
8183,1,1464448112,3662.4517
8184,1,1464448113,3662.4648
8185,1,1464448115,3663.2776
8186,1,1464448116,3662.1313
8187,1,1464448118,3662.375
8188,1,1464448119,3662.7402
8189,1,1464448121,3662.6213
8190,1,1464448122,3663.661
8191,1,1464448123,3663.2498
8192,1,1464448125,3663.3289
8193,1,1464448126,3662.38
8194,1,1464448128,3662.2507
8195,1,1464448129,3664.023
8196,1,1464448131,3659.723
8197,1,1464448132,3661.923
8198,1,1464448134,3663.4277
8199,1,1464448135,3660.177
8200,1,1464448137,3661.4302
8201,1,1464448138,3662.0298
8202,1,1464448140,3661.6614
8203,1,1464448141,3661.61
8204,1,1464448142,3661.525
8205,1,1464448144,3660.2292
8206,1,1464448145,3661.4265
8207,1,1464448147,3660.3877
8208,1,1464448148,3659.8801
8209,1,1464448150,3660.526
8210,1,1464448151,3660.655
8211,1,1464448153,3660.8823
8212,1,1464448154,3660.1956
8213,1,1464448156,3659.9487
8214,1,1464448157,3660.0752
8215,1,1464448158,3660.5298
8216,1,1464448160,3657.5808
8217,1,1464448161,3659.9075
8218,1,1464448163,3658.9448
8219,1,1464448164,3659.95
8220,1,1464448166,3660.8875
8221,1,1464448167,3659.8484
8222,1,1464448169,3660.6582
8223,1,1464448170,3660.6404
8224,1,1464448172,3660.6885
8225,1,1464448173,3661.2292
8226,1,1464448174,3660.405
8227,1,1464448176,3662.4321
8228,1,1464448177,3659.6072
8229,1,1464448179,3659.9302
8230,1,1464448180,3659.6187
8231,1,1464448182,3661.405
8232,1,1464448183,3661.7979
8233,1,1464448185,3662.2217
8234,1,1464448186,3661.301
8235,1,1464448188,3662.6099
8236,1,1464448189,3661.246
8237,1,1464448191,3662.8718
8238,1,1464448192,3660.6758
8239,1,1464448193,3660.6406
8240,1,1464448195,3662.0103
8241,1,1464448196,3659.8838
8242,1,1464448198,3658.727
8243,1,1464448199,3656.9668
8244,1,1464448201,3658.2288
8245,1,1464448202,3658.9763
8246,1,1464448204,3657.884
8247,1,1464448205,3657.4922
8248,1,1464448207,3659.0095
8249,1,1464448208,3659.417
8250,1,1464448209,3658.254
8251,1,1464448211,3658.708
8252,1,1464448212,3657.6482
8253,1,1464448214,3658.5112
8254,1,1464448215,3660.506
8255,1,1464448217,3660.7356
8256,1,1464448218,3659.118
8257,1,1464448220,3657.3987
8258,1,1464448221,3657.1135
8259,1,1464448223,3652.322
8260,1,1464448224,3652.9597
8261,1,1464448225,3652.714
8262,1,1464448227,3655.1118
8263,1,1464448228,3654.8718
8264,1,1464448230,3654.6907
8265,1,1464448231,3655.936
8266,1,1464448233,3656.5872
8267,1,1464448234,3655.5608
8268,1,1464448236,3657.365
8269,1,1464448237,3659.2354
8270,1,1464448239,3660.6514
8271,1,1464448240,3662.7566
8272,1,1464448241,3661.402
8273,1,1464448243,3661.9277
8274,1,1464448244,3661.6445
8275,1,1464448246,3662.435
8276,1,1464448247,3661.0183
8277,1,1464448249,3657.8254
8278,1,1464448250,3659.0708
8279,1,1464448252,3658.4949
8280,1,1464448253,3658.4534
8281,1,1464448255,3657.427
8282,1,1464448256,3657.0505
8283,1,1464448258,3656.4785
8284,1,1464448259,3655.0044
8285,1,1464448260,3656.3506
8286,1,1464448262,3655.3997
8287,1,1464448263,3655.8945
8288,1,1464448265,3654.9702
8289,1,1464448266,3657.7852
8290,1,1464448268,3656.8467
8291,1,1464448269,3656.5566
8292,1,1464448271,3657.2417
8293,1,1464448272,3657.299
8294,1,1464448274,3658.7004
8295,1,1464448275,3659.2227
8296,1,1464448276,3658.5916
8297,1,1464448278,3656.2437
8298,1,1464448279,3659.1406
8299,1,1464448281,3659.1636
8300,1,1464448282,3658.7776
8301,1,1464448284,3657.5588
8302,1,1464448285,3658.8093
8303,1,1464448287,3657.6472
8304,1,1464448288,3657.5464
8305,1,1464448290,3657.8176
8306,1,1464448291,3657.2825
8307,1,1464448293,3658.5276
8308,1,1464448294,3657.4412
8309,1,1464448295,3656.6797
8310,1,1464448297,3656.5762
8311,1,1464448298,3657.3833
8312,1,1464448300,3657.1682
8313,1,1464448301,3659.908
8314,1,1464448303,3658.0786
8315,1,1464448304,3658.731
8316,1,1464448306,3661.3357
8317,1,1464448307,3659.5203
8318,1,1464448309,3659.7258
8319,1,1464448310,3658.9326
8320,1,1464448311,3659.89
8321,1,1464448313,3658.6213
8322,1,1464448314,3658.599
8323,1,1464448316,3656.7683
8324,1,1464448317,3658.7827
8325,1,1464448319,3656.7449
8326,1,1464448320,3654.8416
8327,1,1464448322,3656
8328,1,1464448323,3655.2522
8329,1,1464448325,3655.5461
8330,1,1464448326,3656.7615
8331,1,1464448327,3656.962
8332,1,1464448329,3656.376
8333,1,1464448330,3656.0815
8334,1,1464448332,3657.3591
8335,1,1464448333,3655.8857
8336,1,1464448335,3656.3018
8337,1,1464448336,3656.5847
8338,1,1464448338,3655.6218
8339,1,1464448339,3654.835
8340,1,1464448341,3656.4807
8341,1,1464448342,3653.8357
8342,1,1464448343,3653.749
8343,1,1464448345,3652.452
8344,1,1464448346,3652.6548
8345,1,1464448348,3651.8604
8346,1,1464448349,3650.9773
8347,1,1464448351,3652.5815
8348,1,1464448352,3653.5847
8349,1,1464448354,3653.8208
8350,1,1464448355,3652.871
8351,1,1464448357,3654.9905
8352,1,1464448358,3655.3384
8353,1,1464448360,3656.578
8354,1,1464448361,3658.097
8355,1,1464448362,3659.064
8356,1,1464448364,3660.19
8357,1,1464448365,3659.2986
8358,1,1464448367,3655.9236
8359,1,1464448368,3657.6006
8360,1,1464448370,3657.321
8361,1,1464448371,3657.2327
8362,1,1464448373,3657.5083
8363,1,1464448374,3655.035
8364,1,1464448376,3654.3428
8365,1,1464448377,3654.1484
8366,1,1464448378,3653.4988
8367,1,1464448380,3655.1033
8368,1,1464448381,3653.6877
8369,1,1464448383,3655.383
8370,1,1464448384,3653.5647
8371,1,1464448386,3652.8347
8372,1,1464448387,3653.8984
8373,1,1464448389,3654.2268
8374,1,1464448390,3654.1313
8375,1,1464448392,3654.435
8376,1,1464448393,3652.8083
8377,1,1464448394,3654.209
8378,1,1464448396,3656.3984
8379,1,1464448397,3654.4153
8380,1,1464448399,3654.894
8381,1,1464448400,3655.021
8382,1,1464448402,3654.0537
8383,1,1464448403,3654.622
8384,1,1464448405,3655.232
8385,1,1464448406,3655.0847
8386,1,1464448408,3654.2378
8387,1,1464448409,3655.249
8388,1,1464448410,3656.074
8389,1,1464448412,3655.9128
8390,1,1464448413,3654.9524
8391,1,1464448415,3653.735
8392,1,1464448416,3653.8083
8393,1,1464448418,3653.5781
8394,1,1464448419,3653.5447
8395,1,1464448421,3653.925
8396,1,1464448422,3653.101
8397,1,1464448424,3653.3604
8398,1,1464448425,3654.1382
8399,1,1464448427,3654.0474
8400,1,1464448428,3653.069
8401,1,1464448429,3654.1296
8402,1,1464448431,3655.3137
8403,1,1464448432,3654.897
8404,1,1464448434,3655.258
8405,1,1464448435,3653.0127
8406,1,1464448437,3653.577
8407,1,1464448438,3652.1545
8408,1,1464448440,3651.8503
8409,1,1464448441,3653.428
8410,1,1464448443,3652.781
8411,1,1464448444,3654.018
8412,1,1464448445,3653.7017
8413,1,1464448447,3654.3743
8414,1,1464448448,3652.9414
8415,1,1464448450,3653.963
8416,1,1464448451,3653.4395
8417,1,1464448453,3653.1853
8418,1,1464448454,3653.8242
8419,1,1464448456,3653.5237
8420,1,1464448457,3652.765
8421,1,1464448459,3652.967
8422,1,1464448460,3651.902
8423,1,1464448461,3651.149
8424,1,1464448463,3651.272
8425,1,1464448464,3650.8518
8426,1,1464448466,3650.403
8427,1,1464448467,3651.093
8428,1,1464448469,3651.6975
8429,1,1464448470,3652.4395
8430,1,1464448472,3651.4844
8431,1,1464448473,3651.8057
8432,1,1464448475,3652.012
8433,1,1464448476,3651.338
8434,1,1464448478,3652.1904
8435,1,1464448479,3651.455
8436,1,1464448480,3650.5066
8437,1,1464448482,3650.5142
8438,1,1464448483,3651.334
8439,1,1464448485,3649.4653
8440,1,1464448486,3649.0442
8441,1,1464448488,3648.4917
8442,1,1464448489,3648.2087
8443,1,1464448491,3649.208
8444,1,1464448492,3648.6924
8445,1,1464448494,3647.892
8446,1,1464448495,3647.644
8447,1,1464448496,3647.9363
8448,1,1464448498,3647.9736
8449,1,1464448499,3647.7961
8450,1,1464448501,3649.0618
8451,1,1464448502,3649.953
8452,1,1464448504,3648.3293
8453,1,1464448505,3647.5332
8454,1,1464448507,3646.5632
8455,1,1464448508,3646.696
8456,1,1464448510,3647.6855
8457,1,1464448511,3646.89
8458,1,1464448512,3648.4236
8459,1,1464448514,3646.8484
8460,1,1464448515,3646.3772
8461,1,1464448517,3644.2424
8462,1,1464448518,3641.8218
8463,1,1464448520,3640.506
8464,1,1464448521,3644.1685
8465,1,1464448523,3646.1284
8466,1,1464448524,3644.2617
8467,1,1464448526,3645.0576
8468,1,1464448527,3645.5432
8469,1,1464448529,3646.6414
8470,1,1464448530,3647.8748
8471,1,1464448531,3651.6504
8472,1,1464448533,3650.1755
8473,1,1464448534,3653.4612
8474,1,1464448536,3652.945
8475,1,1464448537,3653.203
8476,1,1464448539,3652.768
8477,1,1464448540,3650.6335
8478,1,1464448542,3650.734
8479,1,1464448543,3650.1133
8480,1,1464448545,3650.4058
8481,1,1464448546,3652.6494
8482,1,1464448547,3650.6484
8483,1,1464448549,3650.4226
8484,1,1464448550,3648.4526
8485,1,1464448552,3649.2993
8486,1,1464448553,3648.7095
8487,1,1464448555,3648.8528
8488,1,1464448556,3648.8562
8489,1,1464448558,3648.6892
8490,1,1464448559,3648.6616
8491,1,1464448561,3649.8914
8492,1,1464448562,3647.8733
8493,1,1464448563,3647.845
8494,1,1464448565,3650.441
8495,1,1464448566,3650.6523
8496,1,1464448568,3648.0886
8497,1,1464448569,3651.4282
8498,1,1464448571,3650.573
8499,1,1464448572,3650.0583
8500,1,1464448574,3650.5005
8501,1,1464448575,3651.2698
8502,1,1464448577,3650.193
8503,1,1464448578,3649.78
8504,1,1464448580,3650.826
8505,1,1464448581,3649.4722
8506,1,1464448582,3648.6475
8507,1,1464448584,3649.7615
8508,1,1464448585,3650.563
8509,1,1464448587,3650.1821
8510,1,1464448588,3650.366
8511,1,1464448590,3648.7234
8512,1,1464448591,3648.4097
8513,1,1464448593,3649.5583
8514,1,1464448594,3648.6108
8515,1,1464448596,3649.738
8516,1,1464448597,3649.1453
8517,1,1464448598,3649.6372
8518,1,1464448600,3648.077
8519,1,1464448601,3647.446
8520,1,1464448603,3648.6257
8521,1,1464448604,3648.0613
8522,1,1464448606,3646.6338
8523,1,1464448607,3647.5317
8524,1,1464448609,3646.1877
8525,1,1464448610,3645.165
8526,1,1464448612,3646.714
8527,1,1464448613,3647.394
8528,1,1464448614,3647.7327
8529,1,1464448616,3648.2158
8530,1,1464448617,3647.2368
8531,1,1464448619,3647.0889
8532,1,1464448620,3647.1746
8533,1,1464448622,3647.3662
8534,1,1464448623,3648.5596
8535,1,1464448625,3646.9238
8536,1,1464448626,3647.5757
8537,1,1464448628,3646.5718
8538,1,1464448629,3646.5645
8539,1,1464448631,3646.576
8540,1,1464448632,3648.1765
8541,1,1464448633,3646.8486
8542,1,1464448635,3647.2222
8543,1,1464448636,3644.8555
8544,1,1464448638,3644.5208
8545,1,1464448639,3642.7847
8546,1,1464448641,3642.6436
8547,1,1464448642,3642.8228
8548,1,1464448644,3643.7786
8549,1,1464448645,3644.2354
8550,1,1464448647,3644.064
8551,1,1464448648,3642.9685
8552,1,1464448649,3645.3022
8553,1,1464448651,3647.4207
8554,1,1464448652,3648.0884
8555,1,1464448654,3648.711
8556,1,1464448655,3649.6045
8557,1,1464448657,3650.072
8558,1,1464448658,3649.7737
8559,1,1464448660,3651.0557
8560,1,1464448661,3649.9106
8561,1,1464448663,3650.4324
8562,1,1464448664,3650.669
8563,1,1464448665,3650.0461
8564,1,1464448667,3650.1772
8565,1,1464448668,3647.5344
8566,1,1464448670,3647.9045
8567,1,1464448671,3647.6501
8568,1,1464448673,3646.688
8569,1,1464448674,3647.3862
8570,1,1464448676,3645.3743
8571,1,1464448677,3645.1968
8572,1,1464448679,3644.5483
8573,1,1464448680,3645.4697
8574,1,1464448681,3647.9478
8575,1,1464448683,3647.879
8576,1,1464448684,3646.3174
8577,1,1464448686,3647.4592
8578,1,1464448687,3647.9194
8579,1,1464448689,3647.6758
8580,1,1464448690,3647.7188
8581,1,1464448692,3649.4165
8582,1,1464448693,3647.842
8583,1,1464448695,3647.6575
8584,1,1464448696,3648.4175
8585,1,1464448698,3645.6418
8586,1,1464448699,3646.2969
8587,1,1464448700,3647.3647
8588,1,1464448702,3646.684
8589,1,1464448703,3645.5637
8590,1,1464448705,3645.692
8591,1,1464448706,3645.4543
8592,1,1464448708,3644.7896
8593,1,1464448709,3644.2231
8594,1,1464448711,3644.3027
8595,1,1464448712,3644.957
8596,1,1464448714,3643.4695
8597,1,1464448715,3644.609
8598,1,1464448716,3645.4373
8599,1,1464448718,3643.9155
8600,1,1464448719,3642.1577
8601,1,1464448721,3646.3062
8602,1,1464448722,3643.2275
8603,1,1464448724,3643.669
8604,1,1464448725,3643.4846
8605,1,1464448727,3643.6116
8606,1,1464448728,3643.763
8607,1,1464448730,3643.7793
8608,1,1464448731,3644.356
8609,1,1464448732,3641.8086
8610,1,1464448734,3642.6436
8611,1,1464448735,3642.9653
8612,1,1464448737,3641.289
8613,1,1464448738,3643.337
8614,1,1464448740,3643.996
8615,1,1464448741,3642.0984
8616,1,1464448743,3643.9834
8617,1,1464448744,3643.6165
8618,1,1464448746,3644.2256
8619,1,1464448747,3645.8887
8620,1,1464448749,3647.3274
8621,1,1464448750,3645.379
8622,1,1464448751,3646.4495
8623,1,1464448753,3647.243
8624,1,1464448754,3644.1108
8625,1,1464448756,3644.1045
8626,1,1464448757,3642.2666
8627,1,1464448759,3643.5786
8628,1,1464448760,3643.9187
8629,1,1464448762,3641.3232
8630,1,1464448763,3642.7896
8631,1,1464448765,3642.3066
8632,1,1464448766,3642.3389
8633,1,1464448767,3641.5867
8634,1,1464448769,3642.58
8635,1,1464448770,3643.228
8636,1,1464448772,3643.791
8637,1,1464448773,3642.5754
8638,1,1464448775,3643.6995
8639,1,1464448776,3633.7805
8640,1,1464448778,3628.1382
8641,1,1464448779,3642.9172
8642,1,1464448781,3643.2288
8643,1,1464448782,3642.6138
8644,1,1464448783,3640.4734
8645,1,1464448785,3643.9878
8646,1,1464448786,3643.7876
8647,1,1464448788,3644.3083
8648,1,1464448789,3642.9395
8649,1,1464448791,3641.4172
8650,1,1464448792,3643.8208
8651,1,1464448794,3643.5483
8652,1,1464448795,3644.5298
8653,1,1464448797,3641.681
8654,1,1464448798,3641.9507
8655,1,1464448800,3640.8813
8656,1,1464448801,3639.073
8657,1,1464448802,3637.5254
8658,1,1464448804,3638.8806
8659,1,1464448805,3640.4033
8660,1,1464448807,3637.8606
8661,1,1464448808,3639.7542
8662,1,1464448810,3642.1213
8663,1,1464448811,3640.919
8664,1,1464448813,3640.632
8665,1,1464448814,3642.9758
8666,1,1464448816,3644.1597
8667,1,1464448817,3645.0679
8668,1,1464448818,3647.126
8669,1,1464448820,3647.5212
8670,1,1464448821,3647.5076
8671,1,1464448823,3646.9023
8672,1,1464448824,3646.8035
8673,1,1464448826,3646.4692
8674,1,1464448827,3646.1887
8675,1,1464448829,3645.394
8676,1,1464448830,3645.224
8677,1,1464448832,3644.9102
8678,1,1464448833,3644.4797
8679,1,1464448834,3644.952
8680,1,1464448836,3642.9348
8681,1,1464448837,3643.7566
8682,1,1464448839,3642.5105
8683,1,1464448840,3642.2734
8684,1,1464448842,3643.277
8685,1,1464448843,3644.4473
8686,1,1464448845,3643.3125
8687,1,1464448846,3643.9595
8688,1,1464448848,3643.514
8689,1,1464448849,3644.251
8690,1,1464448851,3642.95
8691,1,1464448852,3644.0266
8692,1,1464448853,3644.7563
8693,1,1464448855,3643.0122
8694,1,1464448856,3643.5427
8695,1,1464448858,3642.6775
8696,1,1464448859,3643.4543
8697,1,1464448861,3643.658
8698,1,1464448862,3644.1372
8699,1,1464448864,3642.6245
8700,1,1464448865,3644.474
8701,1,1464448867,3643.5906
8702,1,1464448868,3643.9077
8703,1,1464448869,3644.9602
8704,1,1464448871,3645.036
8705,1,1464448872,3644.09
8706,1,1464448874,3644.5027
8707,1,1464448875,3643.5073
8708,1,1464448877,3644.1853
8709,1,1464448878,3643.1965
8710,1,1464448880,3644.2668
8711,1,1464448881,3641.6533
8712,1,1464448883,3642.3955
8713,1,1464448884,3642.1492
8714,1,1464448885,3642.731
8715,1,1464448887,3641.2441
8716,1,1464448888,3640.931
8717,1,1464448890,3641.2744
8718,1,1464448891,3640.7043
8719,1,1464448893,3640.5496
8720,1,1464448894,3639.979
8721,1,1464448896,3640.3474
8722,1,1464448897,3639.13
8723,1,1464448899,3641.0872
8724,1,1464448900,3639.4968
8725,1,1464448901,3638.8826
8726,1,1464448903,3640.638
8727,1,1464448904,3640.928
8728,1,1464448906,3641.2427
8729,1,1464448907,3639.7522
8730,1,1464448909,3640.444
8731,1,1464448910,3639.8567
8732,1,1464448912,3642.3186
8733,1,1464448913,3640.1882
8734,1,1464448915,3640.8936
8735,1,1464448916,3638.5444
8736,1,1464448918,3639.5334
8737,1,1464448919,3640.734
8738,1,1464448920,3639.5566
8739,1,1464448922,3638.3533
8740,1,1464448923,3639.7458
8741,1,1464448925,3638.299
8742,1,1464448926,3638.7476
8743,1,1464448928,3639.411
8744,1,1464448929,3639.1064
8745,1,1464448931,3638.3733
8746,1,1464448932,3636.595
8747,1,1464448934,3636.231
8748,1,1464448935,3634.438
8749,1,1464448936,3634.4717
8750,1,1464448938,3635.2178
8751,1,1464448939,3635.6943
8752,1,1464448941,3634.4033
8753,1,1464448942,3634.6357
8754,1,1464448944,3635.489
8755,1,1464448945,3636.9883
8756,1,1464448947,3635.6106
8757,1,1464448948,3638.5027
8758,1,1464448950,3638.4702
8759,1,1464448951,3639.5962
8760,1,1464448952,3641.3186
8761,1,1464448954,3642.252
8762,1,1464448955,3640.3157
8763,1,1464448957,3639.8433
8764,1,1464448958,3640.7231
8765,1,1464448960,3638.9583
8766,1,1464448961,3641.6533
8767,1,1464448963,3640.0942
8768,1,1464448964,3639.29
8769,1,1464448966,3637.9849
8770,1,1464448967,3638.1804
8771,1,1464448969,3636.6082
8772,1,1464448970,3636.547
8773,1,1464448971,3636.8252
8774,1,1464448973,3637.1199
8775,1,1464448974,3638.5508
8776,1,1464448976,3635.4832
8777,1,1464448977,3636.8389
8778,1,1464448979,3637.8806
8779,1,1464448980,3637.8123
8780,1,1464448982,3638.9666
8781,1,1464448983,3638.202
8782,1,1464448985,3638.0398
8783,1,1464448986,3637.656
8784,1,1464448987,3637.419
8785,1,1464448989,3637.5994
8786,1,1464448990,3637.4697
8787,1,1464448992,3637.3762
8788,1,1464448993,3638.5063
8789,1,1464448995,3636.6738
8790,1,1464448996,3638.3896
8791,1,1464448998,3638.6162
8792,1,1464448999,3638.1946
8793,1,1464449001,3635.6902
8794,1,1464449002,3637.7239
8795,1,1464449003,3637.244
8796,1,1464449005,3636.8875
8797,1,1464449006,3636.4275
8798,1,1464449008,3637.4824
8799,1,1464449009,3636.628
8800,1,1464449011,3635.826
8801,1,1464449012,3637.3054
8802,1,1464449014,3637.1646
8803,1,1464449015,3638.3633
8804,1,1464449017,3637.9712
8805,1,1464449018,3638.7104
8806,1,1464449020,3638.2334
8807,1,1464449021,3636.9175
8808,1,1464449022,3637.4932
8809,1,1464449024,3637.03
8810,1,1464449025,3636.3616
8811,1,1464449027,3635.3923
8812,1,1464449028,3635.1355
8813,1,1464449030,3634.5344
8814,1,1464449031,3634.4983
8815,1,1464449033,3633.983
8816,1,1464449034,3634.6748
8817,1,1464449036,3633.3157
8818,1,1464449037,3633.0952
8819,1,1464449038,3633.0054
8820,1,1464449040,3634.1174
8821,1,1464449041,3635.4438
8822,1,1464449043,3633.7285
8823,1,1464449044,3634.8916
8824,1,1464449046,3632.8804
8825,1,1464449047,3633.789
8826,1,1464449049,3633.3884
8827,1,1464449050,3632.8276
8828,1,1464449052,3632.7559
8829,1,1464449053,3632.92
8830,1,1464449054,3631.8032
8831,1,1464449056,3631.8755
8832,1,1464449057,3629.7622
8833,1,1464449059,3630.8745
8834,1,1464449060,3630.4724
8835,1,1464449062,3632.4053
8836,1,1464449063,3631.478
8837,1,1464449065,3630.6218
8838,1,1464449066,3631.1765
8839,1,1464449068,3631.4775
8840,1,1464449069,3631.5889
8841,1,1464449071,3632.0344
8842,1,1464449072,3631.7822
8843,1,1464449073,3632.2668
8844,1,1464449075,3631.086
8845,1,1464449076,3632.7004
8846,1,1464449078,3631.249
8847,1,1464449079,3632.012
8848,1,1464449081,3630.5571
8849,1,1464449082,3631.187
8850,1,1464449084,3632.315
8851,1,1464449085,3629.813
8852,1,1464449087,3629.935
8853,1,1464449088,3630.2874
8854,1,1464449089,3632.3416
8855,1,1464449091,3629.328
8856,1,1464449092,3631.1597
8857,1,1464449094,3629.6719
8858,1,1464449095,3630.5195
8859,1,1464449097,3629.767
8860,1,1464449098,3629.2197
8861,1,1464449100,3628.9832
8862,1,1464449101,3629.3618
8863,1,1464449103,3628.7524
8864,1,1464449104,3627.8274
8865,1,1464449105,3627.372
8866,1,1464449107,3627.148
8867,1,1464449108,3626.8606
8868,1,1464449110,3626.6594
8869,1,1464449111,3626.5837
8870,1,1464449113,3625.5876
8871,1,1464449114,3627.1782
8872,1,1464449116,3625.37
8873,1,1464449117,3626.0435
8874,1,1464449119,3625.723
8875,1,1464449120,3625.333
8876,1,1464449121,3622
8877,1,1464449123,3620.9966
8878,1,1464449124,3620.734
8879,1,1464449126,3621.659
8880,1,1464449127,3620.5896
8881,1,1464449129,3618.0867
8882,1,1464449130,3618.5837
8883,1,1464449132,3618.926
8884,1,1464449133,3621.9553
8885,1,1464449135,3624.2908
8886,1,1464449136,3624.8198
8887,1,1464449138,3625.4866
8888,1,1464449139,3626.2385
8889,1,1464449140,3630.4473
8890,1,1464449142,3627.8184
8891,1,1464449143,3626.7034
8892,1,1464449145,3627.0664
8893,1,1464449146,3628.0737
8894,1,1464449148,3625.6587
8895,1,1464449149,3622.8933
8896,1,1464449151,3624.0408
8897,1,1464449152,3622.7937
8898,1,1464449154,3622.8152
8899,1,1464449155,3623.6797
8900,1,1464449156,3622.0376
8901,1,1464449158,3622.5652
8902,1,1464449159,3622.898
8903,1,1464449161,3622.8186
8904,1,1464449162,3621.9468
8905,1,1464449164,3624.3264
8906,1,1464449165,3623.0671
8907,1,1464449167,3621.884
8908,1,1464449168,3620.754
8909,1,1464449170,3621.6152
8910,1,1464449171,3621.792
8911,1,1464449172,3623.5186
8912,1,1464449174,3621.8035
8913,1,1464449175,3622.6624
8914,1,1464449177,3624.2803
8915,1,1464449178,3624.0986
8916,1,1464449180,3622.1997
8917,1,1464449181,3622.3103
8918,1,1464449183,3623.5833
8919,1,1464449184,3622.34
8920,1,1464449186,3623.111
8921,1,1464449187,3623.2039
8922,1,1464449189,3623.731
8923,1,1464449190,3621.5835
8924,1,1464449191,3620.3347
8925,1,1464449193,3620.1047
8926,1,1464449194,3618.8289
8927,1,1464449196,3620.245
8928,1,1464449197,3620.922
8929,1,1464449199,3618.6995
8930,1,1464449200,3621.5374
8931,1,1464449202,3619.1362
8932,1,1464449203,3621.4
8933,1,1464449205,3618.9363
8934,1,1464449206,3618.6438
8935,1,1464449207,3621.874
8936,1,1464449209,3619.4023
8937,1,1464449210,3619.4343
8938,1,1464449212,3617.7075
8939,1,1464449213,3619.4705
8940,1,1464449215,3618.829
8941,1,1464449216,3618.7544
8942,1,1464449218,3619.008
8943,1,1464449219,3618.7764
8944,1,1464449221,3618.8027
8945,1,1464449222,3618.3398
8946,1,1464449223,3620.0857
8947,1,1464449225,3620.7866
8948,1,1464449226,3621.0183
8949,1,1464449228,3616.5574
8950,1,1464449229,3619.9841
8951,1,1464449231,3620.5508
8952,1,1464449232,3620.1577
8953,1,1464449234,3619.977
8954,1,1464449235,3620.5562
8955,1,1464449237,3620.5723
8956,1,1464449238,3618.9497
8957,1,1464449240,3620.0322
8958,1,1464449241,3619.4153
8959,1,1464449242,3619.7952
8960,1,1464449244,3619.1797
8961,1,1464449245,3616.6936
8962,1,1464449247,3617.5513
8963,1,1464449248,3618.5737
8964,1,1464449250,3618.53
8965,1,1464449251,3620.3665
8966,1,1464449253,3619.0286
8967,1,1464449254,3619.165
8968,1,1464449256,3618.0503
8969,1,1464449257,3620.0063
8970,1,1464449258,3618.6748
8971,1,1464449260,3618.1343
8972,1,1464449261,3618.3804
8973,1,1464449263,3617.1511
8974,1,1464449264,3619.386
8975,1,1464449266,3619.3938
8976,1,1464449267,3619.146
8977,1,1464449269,3620.114
8978,1,1464449270,3618.713
8979,1,1464449272,3619.9927
8980,1,1464449273,3617.8264
8981,1,1464449274,3617.6865
8982,1,1464449276,3617.1733
8983,1,1464449277,3616.775
8984,1,1464449279,3618.9395
8985,1,1464449280,3618.5579
8986,1,1464449282,3619.424
8987,1,1464449283,3617.9185
8988,1,1464449285,3619.915
8989,1,1464449286,3619.7644
8990,1,1464449288,3618.5383
8991,1,1464449289,3617.3657
8992,1,1464449291,3616.5522
8993,1,1464449292,3617.3596
8994,1,1464449293,3619.961
8995,1,1464449295,3618.7834
8996,1,1464449296,3618.3777
8997,1,1464449298,3618.9724
8998,1,1464449299,3621.737
8999,1,1464449301,3619.52
9000,1,1464449302,3620.8774
9001,1,1464449304,3616.8801
9002,1,1464449305,3617.379
9003,1,1464449307,3615.9517
9004,1,1464449308,3616.421
9005,1,1464449309,3617.86
9006,1,1464449311,3619.364
9007,1,1464449312,3617.9565
9008,1,1464449314,3617.8674
9009,1,1464449315,3616.0427
9010,1,1464449317,3617.0964
9011,1,1464449318,3616.542
9012,1,1464449320,3616.3516
9013,1,1464449321,3615.0693
9014,1,1464449323,3617.1223
9015,1,1464449324,3614.8977
9016,1,1464449325,3616.1277
9017,1,1464449327,3617.6902
9018,1,1464449328,3616.7283
9019,1,1464449330,3617.1663
9020,1,1464449331,3617.7705
9021,1,1464449333,3615.8413
9022,1,1464449334,3615.5515
9023,1,1464449336,3615.6638
9024,1,1464449337,3614.5632
9025,1,1464449339,3614.6719
9026,1,1464449340,3617.7534
9027,1,1464449342,3615.9336
9028,1,1464449343,3617.457
9029,1,1464449344,3616.3853
9030,1,1464449346,3615.6047
9031,1,1464449347,3615.6223
9032,1,1464449349,3615.7551
9033,1,1464449350,3615.968
9034,1,1464449352,3615.1665
9035,1,1464449353,3616.523
9036,1,1464449355,3616.5735
9037,1,1464449356,3616.3406
9038,1,1464449358,3616.6433
9039,1,1464449359,3615.3972
9040,1,1464449360,3616.6936
9041,1,1464449362,3614.1587
9042,1,1464449363,3615.027
9043,1,1464449365,3614.5625
9044,1,1464449366,3616.4722
9045,1,1464449368,3614.5417
9046,1,1464449369,3615.4817
9047,1,1464449371,3615.8018
9048,1,1464449372,3613.3713
9049,1,1464449374,3614.4656
9050,1,1464449375,3616.2083
9051,1,1464449376,3615.3242
9052,1,1464449378,3614.6572
9053,1,1464449379,3616.0483
9054,1,1464449381,3614.5144
9055,1,1464449382,3615.3296
9056,1,1464449384,3615.1787
9057,1,1464449385,3614.6018
9058,1,1464449387,3615.355
9059,1,1464449388,3614.9448
9060,1,1464449390,3613.552
9061,1,1464449391,3616.1394
9062,1,1464449392,3614.071
9063,1,1464449394,3613.8179
9064,1,1464449395,3614.5254
9065,1,1464449397,3614.6904
9066,1,1464449398,3614.664
9067,1,1464449400,3614.4492
9068,1,1464449401,3612.5447
9069,1,1464449403,3613.339
9070,1,1464449404,3614.0803
9071,1,1464449406,3613.5024
9072,1,1464449407,3611.551
9073,1,1464449409,3612.6575
9074,1,1464449410,3613.428
9075,1,1464449411,3612.6567
9076,1,1464449413,3612.939
9077,1,1464449414,3613.6313
9078,1,1464449416,3614.578
9079,1,1464449417,3612.1304
9080,1,1464449419,3614.212
9081,1,1464449420,3614.7454
9082,1,1464449422,3612.4663
9083,1,1464449423,3612.4663
9084,1,1464449425,3613.2388
9085,1,1464449426,3612.6904
9086,1,1464449427,3611.7966
9087,1,1464449429,3613.2441
9088,1,1464449430,3611.5725
9089,1,1464449432,3611.6038
9090,1,1464449433,3610.5845
9091,1,1464449435,3612.7485
9092,1,1464449436,3611.3113
9093,1,1464449438,3611.6855
9094,1,1464449439,3613.2659
9095,1,1464449441,3612.3567
9096,1,1464449442,3611.8347
9097,1,1464449443,3611.7156
9098,1,1464449445,3612.969
9099,1,1464449446,3611.832
9100,1,1464449448,3612.4312
9101,1,1464449449,3612.4036
9102,1,1464449451,3611.492
9103,1,1464449452,3611.433
9104,1,1464449454,3613.0515
9105,1,1464449455,3611.3508
9106,1,1464449457,3612.189
9107,1,1464449458,3611.604
9108,1,1464449460,3613.0903
9109,1,1464449461,3609.4727
9110,1,1464449462,3612.5225
9111,1,1464449464,3610.7295
9112,1,1464449465,3610.7683
9113,1,1464449467,3610.2314
9114,1,1464449468,3610.1707
9115,1,1464449470,3610.106
9116,1,1464449471,3610.3435
9117,1,1464449473,3612.008
9118,1,1464449474,3609.4988
9119,1,1464449476,3610.5012
9120,1,1464449477,3609.1025
9121,1,1464449478,3610.9636
9122,1,1464449480,3611.5994
9123,1,1464449481,3610.191
9124,1,1464449483,3610.1472
9125,1,1464449484,3609.8464
9126,1,1464449486,3611.8723
9127,1,1464449487,3610.896
9128,1,1464449489,3609.387
9129,1,1464449490,3607.6453
9130,1,1464449492,3608.514
9131,1,1464449493,3606.7444
9132,1,1464449494,3607.25
9133,1,1464449496,3607.252
9134,1,1464449497,3607.3374
9135,1,1464449499,3606.2632
9136,1,1464449500,3605.173
9137,1,1464449502,3606.3567
9138,1,1464449503,3606.1292
9139,1,1464449505,3605.1755
9140,1,1464449506,3605.4358
9141,1,1464449508,3605.2083
9142,1,1464449509,3606.2256
9143,1,1464449511,3603.7705
9144,1,1464449512,3605.9456
9145,1,1464449513,3605.6206
9146,1,1464449515,3605.6155
9147,1,1464449516,3604.4321
9148,1,1464449518,3606.7754
9149,1,1464449519,3606.2869
9150,1,1464449521,3606.2302
9151,1,1464449522,3606.9321
9152,1,1464449524,3605.7732
9153,1,1464449525,3607.2534
9154,1,1464449527,3606.031
9155,1,1464449528,3605.4802
9156,1,1464449529,3606.5522
9157,1,1464449531,3605.8008
9158,1,1464449532,3604.6345
9159,1,1464449534,3605.37
9160,1,1464449535,3605.282
9161,1,1464449537,3604.519
9162,1,1464449538,3604.3064
9163,1,1464449540,3605.1697
9164,1,1464449541,3605.4834
9165,1,1464449543,3604.4194
9166,1,1464449544,3605.436
9167,1,1464449545,3605.3552
9168,1,1464449547,3606.266
9169,1,1464449548,3604.2217
9170,1,1464449550,3604.0842
9171,1,1464449551,3606.9116
9172,1,1464449553,3605.6628
9173,1,1464449554,3605.4963
9174,1,1464449556,3605.9011
9175,1,1464449557,3605.6504
9176,1,1464449559,3606.0388
9177,1,1464449560,3605.7346
9178,1,1464449562,3606.9045
9179,1,1464449563,3605.8562
9180,1,1464449564,3605.3567
9181,1,1464449566,3606.3525
9182,1,1464449567,3603.7065
9183,1,1464449569,3603.88
9184,1,1464449570,3604.6511
9185,1,1464449572,3605.196
9186,1,1464449573,3604.674
9187,1,1464449575,3604.88
9188,1,1464449576,3605.5437
9189,1,1464449578,3603.9592
9190,1,1464449579,3604.3286
9191,1,1464449580,3603.3582
9192,1,1464449582,3603.5278
9193,1,1464449583,3604.466
9194,1,1464449585,3603.2634
9195,1,1464449586,3603.8608
9196,1,1464449588,3603.5579
9197,1,1464449589,3606.2605
9198,1,1464449591,3604.6355
9199,1,1464449592,3603.7566
9200,1,1464449594,3605.7793
9201,1,1464449595,3603.804
9202,1,1464449596,3603.7163
9203,1,1464449598,3604.5586
9204,1,1464449599,3604.569
9205,1,1464449601,3602.681
9206,1,1464449602,3602.1418
9207,1,1464449604,3602.8586
9208,1,1464449605,3603.2812
9209,1,1464449607,3603.481
9210,1,1464449608,3604.3816
9211,1,1464449610,3604.4114
9212,1,1464449611,3604.337
9213,1,1464449612,3602.1697
9214,1,1464449614,3603.591
9215,1,1464449615,3602.5852
9216,1,1464449617,3603.566
9217,1,1464449618,3602.5615
9218,1,1464449620,3603.5693
9219,1,1464449621,3602.5608
9220,1,1464449623,3604.925
9221,1,1464449624,3603.0303
9222,1,1464449626,3602.043
9223,1,1464449627,3602.105
9224,1,1464449629,3604.6067
9225,1,1464449630,3602.9458
9226,1,1464449631,3604.6382
9227,1,1464449633,3603.4177
9228,1,1464449634,3604.0593
9229,1,1464449636,3603.8955
9230,1,1464449637,3602.6948
9231,1,1464449639,3601.2656
9232,1,1464449640,3601.595
9233,1,1464449642,3602.4036
9234,1,1464449643,3602.8127
9235,1,1464449645,3602.8252
9236,1,1464449646,3601.6167
9237,1,1464449647,3602.7083
9238,1,1464449649,3601.7285
9239,1,1464449650,3600.3682
9240,1,1464449652,3602.7537
9241,1,1464449653,3601.4573
9242,1,1464449655,3601.6628
9243,1,1464449656,3600.1982
9244,1,1464449658,3600.5637
9245,1,1464449659,3601.846
9246,1,1464449661,3601.0117
9247,1,1464449662,3602.3972
9248,1,1464449663,3600.9297
9249,1,1464449665,3598.8435
9250,1,1464449666,3597.9092
9251,1,1464449668,3599.4539
9252,1,1464449669,3598.529
9253,1,1464449671,3599.3784
9254,1,1464449672,3597.788
9255,1,1464449674,3599.6265
9256,1,1464449675,3599.9126
9257,1,1464449677,3599.2424
9258,1,1464449678,3598.5588
9259,1,1464449680,3599.3562
9260,1,1464449681,3599.0427
9261,1,1464449682,3600.4707
9262,1,1464449684,3600.4875
9263,1,1464449685,3598.7114
9264,1,1464449687,3600.3323
9265,1,1464449688,3599.7605
9266,1,1464449690,3598.786
9267,1,1464449691,3598.7432
9268,1,1464449693,3599.1467
9269,1,1464449694,3600.3914
9270,1,1464449696,3599.8877
9271,1,1464449697,3598.7073
9272,1,1464449698,3598.865
9273,1,1464449700,3598.077
9274,1,1464449701,3597.7388
9275,1,1464449703,3599.2217
9276,1,1464449704,3599.9314
9277,1,1464449706,3599.5835
9278,1,1464449707,3599.0764
9279,1,1464449709,3598.9321
9280,1,1464449710,3600.8281
9281,1,1464449712,3600.033
9282,1,1464449713,3600.1895
9283,1,1464449714,3598.4773
9284,1,1464449716,3598.3472
9285,1,1464449717,3599.0342
9286,1,1464449719,3597.3818
9287,1,1464449720,3598.9827
9288,1,1464449722,3596.9026
9289,1,1464449723,3597.1514
9290,1,1464449725,3597.2056
9291,1,1464449726,3600.021
9292,1,1464449728,3598.9834
9293,1,1464449729,3599.8508
9294,1,1464449731,3598.8535
9295,1,1464449732,3598.4553
9296,1,1464449733,3598.7327
9297,1,1464449735,3598.4631
9298,1,1464449736,3598.835
9299,1,1464449738,3599.6738
9300,1,1464449739,3598.9275
9301,1,1464449741,3598.9326
9302,1,1464449742,3599.7224
9303,1,1464449744,3597.3726
9304,1,1464449745,3598.0125
9305,1,1464449747,3600.2642
9306,1,1464449748,3598.1177
9307,1,1464449749,3598.0496
9308,1,1464449751,3598.5786
9309,1,1464449752,3598.4883
9310,1,1464449754,3600.214
9311,1,1464449755,3599.0745
9312,1,1464449757,3598.8313
9313,1,1464449758,3600.1216
9314,1,1464449760,3599.4175
9315,1,1464449761,3599.8352
9316,1,1464449763,3599.7087
9317,1,1464449764,3597.861
9318,1,1464449765,3599.273
9319,1,1464449767,3599.391
9320,1,1464449768,3598.398
9321,1,1464449770,3598.928
9322,1,1464449771,3599.6965
9323,1,1464449773,3600.3115
9324,1,1464449774,3598.6162
9325,1,1464449776,3599.7412
9326,1,1464449777,3599.1519
9327,1,1464449779,3598.2854
9328,1,1464449780,3599.948
9329,1,1464449782,3598.715
9330,1,1464449783,3599.4492
9331,1,1464449784,3599.0354
9332,1,1464449786,3599.0276
9333,1,1464449787,3597.6218
9334,1,1464449789,3599.8518
9335,1,1464449790,3599.8093
9336,1,1464449792,3598.5613
9337,1,1464449793,3598.152
9338,1,1464449795,3597.7917
9339,1,1464449796,3599.0542
9340,1,1464449798,3598.465
9341,1,1464449799,3598.8232
9342,1,1464449800,3596.546
9343,1,1464449802,3596.1519
9344,1,1464449803,3598.0793
9345,1,1464449805,3597.3337
9346,1,1464449806,3595.8215
9347,1,1464449808,3597.3015
9348,1,1464449809,3597.087
9349,1,1464449811,3598.3477
9350,1,1464449812,3597.6106
9351,1,1464449814,3596.7249
9352,1,1464449815,3595.325
9353,1,1464449816,3594.8508
9354,1,1464449818,3595.1328
9355,1,1464449819,3594.3225
9356,1,1464449821,3595.2656
9357,1,1464449822,3595.243
9358,1,1464449824,3594.921
9359,1,1464449825,3594.4263
9360,1,1464449827,3594.3115
9361,1,1464449828,3593.8992
9362,1,1464449830,3594.784
9363,1,1464449831,3593.4583
9364,1,1464449833,3595.65
9365,1,1464449834,3594.5264
9366,1,1464449835,3592.3035
9367,1,1464449837,3594.4556
9368,1,1464449838,3594.93
9369,1,1464449840,3593.3213
9370,1,1464449841,3594.5854
9371,1,1464449843,3594.9875
9372,1,1464449844,3595.8928
9373,1,1464449846,3594.813
9374,1,1464449847,3595.1392
9375,1,1464449849,3593.6829
9376,1,1464449850,3593.0835
9377,1,1464449851,3595.0422
9378,1,1464449853,3595.033
9379,1,1464449854,3592.8748
9380,1,1464449856,3593.43
9381,1,1464449857,3593.2537
9382,1,1464449859,3595.239
9383,1,1464449860,3592.8472
9384,1,1464449862,3593.2546
9385,1,1464449863,3592.8838
9386,1,1464449865,3592.6697
9387,1,1464449866,3593.0493
9388,1,1464449867,3593.0298
9389,1,1464449869,3594.2283
9390,1,1464449870,3592.6482
9391,1,1464449872,3592.2012
9392,1,1464449873,3593.5151
9393,1,1464449875,3594.3132
9394,1,1464449876,3593.9365
9395,1,1464449878,3592.7542
9396,1,1464449879,3594.0125
9397,1,1464449881,3593.722
9398,1,1464449882,3596.1829
9399,1,1464449883,3593.9287
9400,1,1464449885,3594.862
9401,1,1464449886,3593.984
9402,1,1464449888,3593.633
9403,1,1464449889,3594.235
9404,1,1464449891,3594.0305
9405,1,1464449892,3592.9946
9406,1,1464449894,3592.781
9407,1,1464449895,3594.492
9408,1,1464449897,3593.8574
9409,1,1464449898,3593.221
9410,1,1464449900,3592.8076
9411,1,1464449901,3594.0469
9412,1,1464449902,3593.1296
9413,1,1464449904,3592.2188
9414,1,1464449905,3593.6724
9415,1,1464449907,3593.0308
9416,1,1464449908,3593.9941
9417,1,1464449910,3593.5396
9418,1,1464449911,3594.1404
9419,1,1464449913,3594.2637
9420,1,1464449914,3594.9595
9421,1,1464449916,3593.5835
9422,1,1464449917,3594.2827
9423,1,1464449918,3593.95
9424,1,1464449920,3593.415
9425,1,1464449921,3592.9548
9426,1,1464449923,3593.8074
9427,1,1464449924,3594.165
9428,1,1464449926,3594.2642
9429,1,1464449927,3594.5747
9430,1,1464449929,3593.3564
9431,1,1464449930,3593.6216
9432,1,1464449932,3594.974
9433,1,1464449933,3594.7126
9434,1,1464449934,3594.8984
9435,1,1464449936,3593.441
9436,1,1464449937,3595.6526
9437,1,1464449939,3594.5747
9438,1,1464449940,3594.3672
9439,1,1464449942,3594.155
9440,1,1464449943,3593.9036
9441,1,1464449945,3593.2048
9442,1,1464449946,3593.6025
9443,1,1464449948,3593.7354
9444,1,1464449949,3594.9744
9445,1,1464449951,3594.2915
9446,1,1464449952,3593.29
9447,1,1464449953,3595.263
9448,1,1464449955,3594.7473
9449,1,1464449956,3593.586
9450,1,1464449958,3593.0803
9451,1,1464449959,3594.1335
9452,1,1464449961,3593.961
9453,1,1464449962,3593.8455
9454,1,1464449964,3594.0034
9455,1,1464449965,3591.6433
9456,1,1464449967,3593.0212
9457,1,1464449968,3593.7883
9458,1,1464449969,3593.8853
9459,1,1464449971,3593.1013
9460,1,1464449972,3591.8513
9461,1,1464449974,3593.2104
9462,1,1464449975,3593.2708
9463,1,1464449977,3593.1
9464,1,1464449978,3590.7776
9465,1,1464449980,3591.8137
9466,1,1464449981,3591.242
9467,1,1464449983,3592.2346
9468,1,1464449984,3592.6274
9469,1,1464449985,3592.907
9470,1,1464449987,3592.4153
9471,1,1464449988,3591.456
9472,1,1464449990,3592.7427
9473,1,1464449991,3591.8997
9474,1,1464449993,3592.133
9475,1,1464449994,3592.1138
9476,1,1464449996,3591.505
9477,1,1464449997,3590.9563
9478,1,1464449999,3589.7146
9479,1,1464450000,3589.9375
9480,1,1464450002,3589.654
9481,1,1464450003,3590.675
9482,1,1464450004,3590.3904
9483,1,1464450006,3590.4404
9484,1,1464450007,3588.7683
9485,1,1464450009,3590.4016
9486,1,1464450010,3588.6414
9487,1,1464450012,3587.803
9488,1,1464450013,3589.0483
9489,1,1464450015,3588.4248
9490,1,1464450016,3589.6125
9491,1,1464450018,3591.1238
9492,1,1464450019,3588.594
9493,1,1464450020,3588.9824
9494,1,1464450022,3588.9453
9495,1,1464450023,3589.2883
9496,1,1464450025,3589.3125
9497,1,1464450026,3589.1284
9498,1,1464450028,3587.4016
9499,1,1464450029,3589.7283
9500,1,1464450031,3587.8452
9501,1,1464450032,3588.955
9502,1,1464450034,3587.6843
9503,1,1464450035,3588.3115
9504,1,1464450036,3587.5862
9505,1,1464450038,3588.08
9506,1,1464450039,3588.4836
9507,1,1464450041,3587.4895
9508,1,1464450042,3588.4624
9509,1,1464450044,3587.658
9510,1,1464450045,3589.6255
9511,1,1464450047,3589.173
9512,1,1464450048,3588.6448
9513,1,1464450050,3588.6995
9514,1,1464450051,3588.2603
9515,1,1464450053,3588.6345
9516,1,1464450054,3588.4414
9517,1,1464450055,3587.1868
9518,1,1464450057,3587.3987
9519,1,1464450058,3588.98
9520,1,1464450060,3589.758
9521,1,1464450061,3589.7295
9522,1,1464450063,3589.391
9523,1,1464450064,3590.3635
9524,1,1464450066,3588.2458
9525,1,1464450067,3588.7249
9526,1,1464450069,3588.185
9527,1,1464450070,3588.503
9528,1,1464450071,3588.256
9529,1,1464450073,3588.1184
9530,1,1464450074,3588.3335
9531,1,1464450076,3589.0654
9532,1,1464450077,3589.38
9533,1,1464450079,3588.6113
9534,1,1464450080,3587.6934
9535,1,1464450082,3589.2314
9536,1,1464450083,3588.9932
9537,1,1464450085,3588.5315
9538,1,1464450086,3588.764
9539,1,1464450087,3587.9563
9540,1,1464450089,3587.6797
9541,1,1464450090,3589.4023
9542,1,1464450092,3590.2192
9543,1,1464450093,3588.2522
9544,1,1464450095,3587.4373
9545,1,1464450096,3588.2632
9546,1,1464450098,3587.8635
9547,1,1464450099,3588.0254
9548,1,1464450101,3587.798
9549,1,1464450102,3588.9536
9550,1,1464450103,3588.8003
9551,1,1464450105,3588.9275
9552,1,1464450106,3589.9343
9553,1,1464450108,3588.0896
9554,1,1464450109,3588.5598
9555,1,1464450111,3588.8823
9556,1,1464450112,3588.5708
9557,1,1464450114,3588.737
9558,1,1464450115,3589.3384
9559,1,1464450117,3588.2847
9560,1,1464450118,3588.441
9561,1,1464450120,3588.716
9562,1,1464450121,3586.9604
9563,1,1464450122,3588.6577
9564,1,1464450124,3587.7573
9565,1,1464450125,3588.625
9566,1,1464450127,3588.9343
9567,1,1464450128,3588.961
9568,1,1464450130,3588.3723
9569,1,1464450131,3588.3044
9570,1,1464450133,3587.6238
9571,1,1464450134,3585.6606
9572,1,1464450136,3587.1797
9573,1,1464450137,3585.612
9574,1,1464450138,3587.2783
9575,1,1464450140,3587.9492
9576,1,1464450141,3585.861
9577,1,1464450143,3587.6226
9578,1,1464450144,3585.6697
9579,1,1464450146,3585.2761
9580,1,1464450147,3586.9858
9581,1,1464450149,3587.5608
9582,1,1464450150,3585.4482
9583,1,1464450152,3584.5168
9584,1,1464450153,3584.7097
9585,1,1464450154,3584.609
9586,1,1464450156,3586.4036
9587,1,1464450157,3586.5278
9588,1,1464450159,3585.8447
9589,1,1464450160,3585.5845
9590,1,1464450162,3585.966
9591,1,1464450163,3585.3496
9592,1,1464450165,3586.0195
9593,1,1464450166,3585.565
9594,1,1464450168,3586.1765
9595,1,1464450169,3585.7532
9596,1,1464450171,3585.5476
9597,1,1464450172,3585.471
9598,1,1464450173,3586.0686
9599,1,1464450175,3586.4175
9600,1,1464450176,3583.9202
9601,1,1464450178,3585.225
9602,1,1464450179,3584.6099
9603,1,1464450181,3586.5989
9604,1,1464450182,3584.7698
9605,1,1464450184,3583.6567
9606,1,1464450185,3584.548
9607,1,1464450187,3585.7937
9608,1,1464450188,3584.621
9609,1,1464450189,3584.3914
9610,1,1464450191,3585.251
9611,1,1464450192,3583.72
9612,1,1464450194,3583.9722
9613,1,1464450195,3584.5688
9614,1,1464450197,3584.1438
9615,1,1464450198,3583.5435
9616,1,1464450200,3582.5955
9617,1,1464450201,3583.3403
9618,1,1464450203,3583.8984
9619,1,1464450204,3583.307
9620,1,1464450205,3583.0615
9621,1,1464450207,3583.2244
9622,1,1464450208,3584.3362
9623,1,1464450210,3584.7363
9624,1,1464450211,3583.428
9625,1,1464450213,3582.2444
9626,1,1464450214,3582.1248
9627,1,1464450216,3581.6663
9628,1,1464450217,3582.2944
9629,1,1464450219,3581.9973
9630,1,1464450220,3583.1667
9631,1,1464450222,3583.2686
9632,1,1464450223,3582.0354
9633,1,1464450224,3580.949
9634,1,1464450226,3581.4895
9635,1,1464450227,3580.4067
9636,1,1464450229,3580.7517
9637,1,1464450230,3581.9072
9638,1,1464450232,3580.6875
9639,1,1464450233,3580.7493
9640,1,1464450235,3582.0686
9641,1,1464450236,3580.1274
9642,1,1464450238,3579.581
9643,1,1464450239,3580.671
9644,1,1464450240,3580.5842
9645,1,1464450242,3582.1897
9646,1,1464450243,3580.9421
9647,1,1464450245,3580.7756
9648,1,1464450246,3579.7305
9649,1,1464450248,3579.5518
9650,1,1464450249,3580.7893
9651,1,1464450251,3579.7617
9652,1,1464450252,3579.4514
9653,1,1464450254,3578.829
9654,1,1464450255,3578.5251
9655,1,1464450256,3578.5527
9656,1,1464450258,3578.1443
9657,1,1464450259,3579.5369
9658,1,1464450261,3579.9592
9659,1,1464450262,3579.703
9660,1,1464450264,3578.8032
9661,1,1464450265,3580.584
9662,1,1464450267,3579.5159
9663,1,1464450268,3579.9604
9664,1,1464450270,3578.3628
9665,1,1464450271,3581.1802
9666,1,1464450273,3579.6619
9667,1,1464450274,3579.4114
9668,1,1464450275,3579.6802
9669,1,1464450277,3581.023
9670,1,1464450278,3578.816
9671,1,1464450280,3578.7444
9672,1,1464450281,3580.3572
9673,1,1464450283,3578.7559
9674,1,1464450284,3578.736
9675,1,1464450286,3578.8308
9676,1,1464450287,3580.2625
9677,1,1464450289,3577.641
9678,1,1464450290,3577.5127
9679,1,1464450291,3578.0498
9680,1,1464450293,3579.297
9681,1,1464450294,3577.8215
9682,1,1464450296,3577.91
9683,1,1464450297,3578.92
9684,1,1464450299,3578.747
9685,1,1464450300,3578.8154
9686,1,1464450302,3579.18
9687,1,1464450303,3577.4336
9688,1,1464450305,3579.4739
9689,1,1464450306,3578.0068
9690,1,1464450307,3577.6155
9691,1,1464450309,3578.196
9692,1,1464450310,3579.0525
9693,1,1464450312,3577.432
9694,1,1464450313,3577.9805
9695,1,1464450315,3577.6958
9696,1,1464450316,3577.6653
9697,1,1464450318,3577.1042
9698,1,1464450319,3577.3604
9699,1,1464450321,3577.9624
9700,1,1464450322,3575.4849
9701,1,1464450323,3577.6465
9702,1,1464450325,3577.4507
9703,1,1464450326,3575.8105
9704,1,1464450328,3575.2026
9705,1,1464450329,3575.7139
9706,1,1464450331,3575.8455
9707,1,1464450332,3576.299
9708,1,1464450334,3576.642
9709,1,1464450335,3575.0808
9710,1,1464450337,3577.1956
9711,1,1464450338,3577.5837
9712,1,1464450340,3576.2332
9713,1,1464450341,3576.3335
9714,1,1464450342,3576.9236
9715,1,1464450344,3576.464
9716,1,1464450345,3576.5508
9717,1,1464450347,3576.433
9718,1,1464450348,3576.2449
9719,1,1464450350,3576.517
9720,1,1464450351,3575.8403
9721,1,1464450353,3575.6245
9722,1,1464450354,3574.8843
9723,1,1464450356,3575.808
9724,1,1464450357,3574.5435
9725,1,1464450358,3574.5078
9726,1,1464450360,3575.269
9727,1,1464450361,3574.5884
9728,1,1464450363,3574.709
9729,1,1464450364,3574.7468
9730,1,1464450366,3574.8486
9731,1,1464450367,3575.464
9732,1,1464450369,3574.514
9733,1,1464450370,3574.1597
9734,1,1464450372,3574.9663
9735,1,1464450373,3574.765
9736,1,1464450374,3575.2153
9737,1,1464450376,3576.2996
9738,1,1464450377,3574.5886
9739,1,1464450379,3576.4585
9740,1,1464450380,3575.3542
9741,1,1464450382,3575.789
9742,1,1464450383,3574.7422
9743,1,1464450385,3574.535
9744,1,1464450386,3574.416
9745,1,1464450388,3574.1763
9746,1,1464450389,3575.5393
9747,1,1464450391,3574.7336
9748,1,1464450392,3574.672
9749,1,1464450393,3575.5493
9750,1,1464450395,3575.275
9751,1,1464450396,3573.9436
9752,1,1464450398,3574.127
9753,1,1464450399,3573.5374
9754,1,1464450401,3575.685
9755,1,1464450402,3575.3096
9756,1,1464450404,3574.5903
9757,1,1464450405,3576.8423
9758,1,1464450407,3573.7341
9759,1,1464450408,3574.3289
9760,1,1464450409,3575.8157
9761,1,1464450411,3575.195
9762,1,1464450412,3575.4712
9763,1,1464450414,3575.8708
9764,1,1464450415,3573.9531
9765,1,1464450417,3573.9656
9766,1,1464450418,3574.341
9767,1,1464450420,3575.3228
9768,1,1464450421,3575.7234
9769,1,1464450423,3576.57
9770,1,1464450424,3577.1428
9771,1,1464450425,3575.1465
9772,1,1464450427,3574.5496
9773,1,1464450428,3575.8914
9774,1,1464450430,3575.3293
9775,1,1464450431,3573.7761
9776,1,1464450433,3575.0696
9777,1,1464450434,3574.258
9778,1,1464450436,3573.9116
9779,1,1464450437,3573.147
9780,1,1464450439,3572.7456
9781,1,1464450440,3574.1494
9782,1,1464450442,3572.5906
9783,1,1464450443,3574.0337
9784,1,1464450444,3572.5093
9785,1,1464450446,3571.0593
9786,1,1464450447,3572.8936
9787,1,1464450449,3573.936
9788,1,1464450450,3572.4036
9789,1,1464450452,3572.0225
9790,1,1464450453,3571.151
9791,1,1464450455,3569.6128
9792,1,1464450456,3568.8274
9793,1,1464450458,3570.5286
9794,1,1464450459,3567.597
9795,1,1464450460,3568.23
9796,1,1464450462,3570.1677
9797,1,1464450463,3570.257
9798,1,1464450465,3571.0232
9799,1,1464450466,3570.4944
9800,1,1464450468,3571.4692
9801,1,1464450469,3571.2607
9802,1,1464450471,3573.8992
9803,1,1464450472,3573.813
9804,1,1464450474,3573.9346
9805,1,1464450475,3574.4612
9806,1,1464450476,3573.7493
9807,1,1464450478,3575.271
9808,1,1464450479,3574.2769
9809,1,1464450481,3572.4946
9810,1,1464450482,3571.9758
9811,1,1464450484,3572
9812,1,1464450485,3574.2588
9813,1,1464450487,3572.284
9814,1,1464450488,3571.859
9815,1,1464450490,3572.865
9816,1,1464450491,3570.688
9817,1,1464450493,3572.5225
9818,1,1464450494,3571.6567
9819,1,1464450495,3569.0957
9820,1,1464450497,3571.4155
9821,1,1464450498,3570.0515
9822,1,1464450500,3570.6653
9823,1,1464450501,3570.3127
9824,1,1464450503,3573.257
9825,1,1464450504,3571.0193
9826,1,1464450506,3571.161
9827,1,1464450507,3570.9304
9828,1,1464450509,3572.4163
9829,1,1464450510,3571.429
9830,1,1464450511,3571.1362
9831,1,1464450513,3570.89
9832,1,1464450514,3570.3015
9833,1,1464450516,3571.9136
9834,1,1464450517,3571.5989
9835,1,1464450519,3571.551
9836,1,1464450520,3570.9702
9837,1,1464450522,3571.1501
9838,1,1464450523,3570.2654
9839,1,1464450525,3572.1033
9840,1,1464450526,3572.328
9841,1,1464450527,3572.225
9842,1,1464450529,3569.1306
9843,1,1464450530,3570.868
9844,1,1464450532,3571.3938
9845,1,1464450533,3571.1343
9846,1,1464450535,3572.109
9847,1,1464450536,3570.125
9848,1,1464450538,3572.4841
9849,1,1464450539,3571.3894
9850,1,1464450541,3572.8206
9851,1,1464450542,3571.826
9852,1,1464450543,3569.6467
9853,1,1464450545,3571.1282
9854,1,1464450546,3571.1863
9855,1,1464450548,3571.987
9856,1,1464450549,3570.931
9857,1,1464450551,3571.835
9858,1,1464450552,3571.3093
9859,1,1464450554,3571.8967
9860,1,1464450555,3571.868
9861,1,1464450557,3570.138
9862,1,1464450558,3569.6357
9863,1,1464450560,3570.9995
9864,1,1464450561,3571.4875
9865,1,1464450562,3570.5742
9866,1,1464450564,3570.6714
9867,1,1464450565,3570.3376
9868,1,1464450567,3568.0422
9869,1,1464450568,3570.8135
9870,1,1464450570,3569.3328
9871,1,1464450571,3568.8096
9872,1,1464450573,3571.1707
9873,1,1464450574,3568.043
9874,1,1464450576,3568.101
9875,1,1464450577,3568.7454
9876,1,1464450578,3569.868
9877,1,1464450580,3568.9949
9878,1,1464450581,3569.6694
9879,1,1464450583,3569.5044
9880,1,1464450584,3568.6433
9881,1,1464450586,3568.2236
9882,1,1464450587,3568.9092
9883,1,1464450589,3568.0818
9884,1,1464450590,3568.664
9885,1,1464450592,3568.1655
9886,1,1464450593,3568.35
9887,1,1464450594,3567.5378
9888,1,1464450596,3567.707
9889,1,1464450597,3568.1128
9890,1,1464450599,3568.397
9891,1,1464450600,3567.7273
9892,1,1464450602,3568.9468
9893,1,1464450603,3567.6472
9894,1,1464450605,3568.0369
9895,1,1464450606,3568.147
9896,1,1464450608,3567.1985
9897,1,1464450609,3569.2114
9898,1,1464450611,3566.3188
9899,1,1464450612,3568.7551
9900,1,1464450613,3568.4683
9901,1,1464450615,3568.316
9902,1,1464450616,3568.503
9903,1,1464450618,3567.93
9904,1,1464450619,3568.8137
9905,1,1464450621,3567.1829
9906,1,1464450622,3569.2603
9907,1,1464450624,3568.6985
9908,1,1464450625,3568.6611
9909,1,1464450627,3569.401
9910,1,1464450628,3568.7087
9911,1,1464450629,3568.2078
9912,1,1464450631,3569.0188
9913,1,1464450632,3568.0874
9914,1,1464450634,3568.0728
9915,1,1464450635,3570.0464
9916,1,1464450637,3568.8528
9917,1,1464450638,3568.057
9918,1,1464450640,3569.742
9919,1,1464450641,3568.226
9920,1,1464450643,3568.4526
9921,1,1464450644,3567.0972
9922,1,1464450645,3568.0298
9923,1,1464450647,3567.4272
9924,1,1464450648,3567.3745
9925,1,1464450650,3568.2349
9926,1,1464450651,3567.262
9927,1,1464450653,3569.5247
9928,1,1464450654,3568.7783
9929,1,1464450656,3569.105
9930,1,1464450657,3568.2358
9931,1,1464450659,3569.1992
9932,1,1464450660,3568.3748
9933,1,1464450662,3568.337
9934,1,1464450663,3567.1958
9935,1,1464450664,3567.8508
9936,1,1464450666,3567.8574
9937,1,1464450667,3567.1477
9938,1,1464450669,3567.3545
9939,1,1464450670,3569.5347
9940,1,1464450672,3567.7134
9941,1,1464450673,3566.199
9942,1,1464450675,3568.1846
9943,1,1464450676,3568.287
9944,1,1464450678,3567.373
9945,1,1464450679,3567.5227
9946,1,1464450680,3567.2397
9947,1,1464450682,3567.144
9948,1,1464450683,3567.691
9949,1,1464450685,3566.5974
9950,1,1464450686,3565.5647
9951,1,1464450688,3566.842
9952,1,1464450689,3565.9072
9953,1,1464450691,3567.1711
9954,1,1464450692,3566.0603
9955,1,1464450694,3565.4673
9956,1,1464450695,3565.8171
9957,1,1464450696,3567.928
9958,1,1464450698,3565.5085
9959,1,1464450699,3566.0005
9960,1,1464450701,3564.5156
9961,1,1464450702,3565.221
9962,1,1464450704,3564.9998
9963,1,1464450705,3565.8616
9964,1,1464450707,3566.0894
9965,1,1464450708,3566.3647
9966,1,1464450710,3565.6345
9967,1,1464450711,3565.918
9968,1,1464450713,3565.4702
9969,1,1464450714,3565.5303
9970,1,1464450715,3564.977
9971,1,1464450717,3564.7812
9972,1,1464450718,3566.3298
9973,1,1464450720,3566.748
9974,1,1464450721,3566.3853
9975,1,1464450723,3565.9272
9976,1,1464450724,3566.2668
9977,1,1464450726,3566.1052
9978,1,1464450727,3566.1147
9979,1,1464450729,3566.6765
9980,1,1464450730,3565.9976
9981,1,1464450731,3566.8455
9982,1,1464450733,3565.8118
9983,1,1464450734,3565.9998
9984,1,1464450736,3564.3267
9985,1,1464450737,3566.5208
9986,1,1464450739,3564.908
9987,1,1464450740,3564.8962
9988,1,1464450742,3565.401
9989,1,1464450743,3565.7363
9990,1,1464450745,3564.7559
9991,1,1464450746,3564.3545
9992,1,1464450747,3565.4814
9993,1,1464450749,3564.7844
9994,1,1464450750,3565.0344
9995,1,1464450752,3566.1433
9996,1,1464450753,3565.2515
9997,1,1464450755,3566.2544
9998,1,1464450756,3566.2473
9999,1,1464450758,3566.2397
10000,1,1464450759,3564.7048
10001,1,1464450761,3565.0012
10002,1,1464450762,3565.2288
10003,1,1464450763,3565.585
10004,1,1464450765,3565.935
10005,1,1464450766,3565.092
10006,1,1464450768,3566.1008
10007,1,1464450769,3565.8862
10008,1,1464450771,3565.4224
10009,1,1464450772,3562.7153
10010,1,1464450774,3563.6426
10011,1,1464450775,3564.6216
10012,1,1464450777,3565.2546
10013,1,1464450778,3562.7112
10014,1,1464450780,3564.7522
10015,1,1464450781,3563.6743
10016,1,1464450782,3565.0806
10017,1,1464450784,3563.637
10018,1,1464450785,3563.5435
10019,1,1464450787,3563.2598
10020,1,1464450788,3564.1812
10021,1,1464450790,3564.669
10022,1,1464450791,3564.1785
10023,1,1464450793,3564.7368
10024,1,1464450794,3564.4897
10025,1,1464450796,3564.8472
10026,1,1464450797,3562.601
10027,1,1464450798,3563.4326
10028,1,1464450800,3565.884
10029,1,1464450801,3563.5884
10030,1,1464450803,3564.4385
10031,1,1464450804,3564.5398
10032,1,1464450806,3564.4412
10033,1,1464450807,3565.4983
10034,1,1464450809,3563.1929
10035,1,1464450810,3563.6702
10036,1,1464450812,3562.68
10037,1,1464450813,3563.8591
10038,1,1464450814,3564.587
10039,1,1464450816,3564.011
10040,1,1464450817,3564.0715
10041,1,1464450819,3564.074
10042,1,1464450820,3564.4639
10043,1,1464450822,3564.2031
10044,1,1464450823,3561.3457
10045,1,1464450825,3563.7075
10046,1,1464450826,3562.4697
10047,1,1464450828,3562.3638
10048,1,1464450829,3563.5854
10049,1,1464450831,3562.6665
10050,1,1464450832,3562.8513
10051,1,1464450833,3563.0122
10052,1,1464450835,3562.0544
10053,1,1464450836,3562.2476
10054,1,1464450838,3561.516
10055,1,1464450839,3561.907
10056,1,1464450841,3560.498
10057,1,1464450842,3563.461
10058,1,1464450844,3563.6272
10059,1,1464450845,3562.5437
10060,1,1464450847,3562.0205
10061,1,1464450848,3561.2595
10062,1,1464450849,3561.5698
10063,1,1464450851,3561.311
10064,1,1464450852,3560.7751
10065,1,1464450854,3562.1953
10066,1,1464450855,3563.701
10067,1,1464450857,3562.7637
10068,1,1464450858,3562.724
10069,1,1464450860,3561.9229
10070,1,1464450861,3561.7356
10071,1,1464450863,3561.188
10072,1,1464450864,3561.2202
10073,1,1464450865,3562.2385
10074,1,1464450867,3560.8096
10075,1,1464450868,3561.4094
10076,1,1464450870,3560.5403
10077,1,1464450871,3560.004
10078,1,1464450873,3559.999
10079,1,1464450874,3560.3284
10080,1,1464450876,3561.2283
10081,1,1464450877,3560.355
10082,1,1464450879,3560.1582
10083,1,1464450880,3560.2148
10084,1,1464450882,3560.5652
10085,1,1464450883,3560.099
10086,1,1464450884,3560.3284
10087,1,1464450886,3560.4949
10088,1,1464450887,3560.6265
10089,1,1464450889,3561.0676
10090,1,1464450890,3559.9578
10091,1,1464450892,3560.3857
10092,1,1464450893,3560.712
10093,1,1464450895,3559.2756
10094,1,1464450896,3559.419
10095,1,1464450898,3561.6853
10096,1,1464450899,3562.1992
10097,1,1464450900,3559.7402
10098,1,1464450902,3561.2852
10099,1,1464450903,3562.2534
10100,1,1464450905,3562.2698
10101,1,1464450906,3562.1477
10102,1,1464450908,3561.9302
10103,1,1464450909,3561.6106
10104,1,1464450911,3561.4146
10105,1,1464450912,3561.138
10106,1,1464450914,3560.935
10107,1,1464450915,3560.6714
10108,1,1464450916,3560.8025
10109,1,1464450918,3561.265
10110,1,1464450919,3559.6584
10111,1,1464450921,3561.8105
10112,1,1464450922,3560.4382
10113,1,1464450924,3560.8909
10114,1,1464450925,3561.75
10115,1,1464450927,3560.4827
10116,1,1464450928,3559.7263
10117,1,1464450930,3558.9558
10118,1,1464450931,3560.5693
10119,1,1464450933,3560.8438
10120,1,1464450934,3559.9082
10121,1,1464450935,3560.0344
10122,1,1464450937,3560.358
10123,1,1464450938,3559.9885
10124,1,1464450940,3559.0117
10125,1,1464450941,3560.2808
10126,1,1464450943,3559.501
10127,1,1464450944,3560.5186
10128,1,1464450946,3560.3254
10129,1,1464450947,3558.432
10130,1,1464450949,3558.6013
10131,1,1464450950,3558.3445
10132,1,1464450951,3559.2595
10133,1,1464450953,3558.474
10134,1,1464450954,3559.4314
10135,1,1464450956,3559.7368
10136,1,1464450957,3559.129
10137,1,1464450959,3558.803
10138,1,1464450960,3558.1177
10139,1,1464450962,3559.3298
10140,1,1464450963,3559.3894
10141,1,1464450965,3559.6777
10142,1,1464450966,3559.8826
10143,1,1464450967,3559.2263
10144,1,1464450969,3559.092
10145,1,1464450970,3558.6162
10146,1,1464450972,3559.417
10147,1,1464450973,3559.4268
10148,1,1464450975,3559.0227
10149,1,1464450976,3559.7383
10150,1,1464450978,3558.2708
10151,1,1464450979,3559.8127
10152,1,1464450981,3557.9194
10153,1,1464450982,3560.001
10154,1,1464450983,3558.1536
10155,1,1464450985,3558.8882
10156,1,1464450986,3557.588
10157,1,1464450988,3559.847
10158,1,1464450989,3559.5183
10159,1,1464450991,3559.202
10160,1,1464450992,3559.8667
10161,1,1464450994,3559.202
10162,1,1464450995,3559.4006
10163,1,1464450997,3559.845
10164,1,1464450998,3559.5251
10165,1,1464451000,3559.4019
10166,1,1464451001,3558.3367
10167,1,1464451002,3559.3032
10168,1,1464451004,3560.783
10169,1,1464451005,3559.7878
10170,1,1464451007,3558.4036
10171,1,1464451008,3559.115
10172,1,1464451010,3559.264
10173,1,1464451011,3557.563
10174,1,1464451013,3557.3542
10175,1,1464451014,3558.9277
10176,1,1464451016,3558.8706
10177,1,1464451017,3558.7944
10178,1,1464451018,3557.776
10179,1,1464451020,3556.4683
10180,1,1464451021,3555.6443
10181,1,1464451023,3557.028
10182,1,1464451024,3555.6755
10183,1,1464451026,3555.424
10184,1,1464451027,3554.7722
10185,1,1464451029,3555.4695
10186,1,1464451030,3555.8035
10187,1,1464451032,3555.076
10188,1,1464451033,3555.586
10189,1,1464451034,3554.9734
10190,1,1464451036,3554.3757
10191,1,1464451037,3553.8997
10192,1,1464451039,3555.9395
10193,1,1464451040,3554.8936
10194,1,1464451042,3555.0178
10195,1,1464451043,3554.927
10196,1,1464451045,3554.93
10197,1,1464451046,3555.0107
10198,1,1464451048,3553.447
10199,1,1464451049,3554.2302
10200,1,1464451051,3554.5618
10201,1,1464451052,3553.8762
10202,1,1464451053,3554.2856
10203,1,1464451055,3554.6902
10204,1,1464451056,3555.047
10205,1,1464451058,3555.6047
10206,1,1464451059,3553.1636
10207,1,1464451061,3552.9092
10208,1,1464451062,3552.893
10209,1,1464451064,3552.6643
10210,1,1464451065,3555.3723
10211,1,1464451067,3554.368
10212,1,1464451068,3552.9976
10213,1,1464451069,3553.6118
10214,1,1464451071,3552.2134
10215,1,1464451072,3553.1965
10216,1,1464451074,3553.9685
10217,1,1464451075,3552.359
10218,1,1464451077,3553.352
10219,1,1464451078,3555.4258
10220,1,1464451080,3554.2
10221,1,1464451081,3552.4644
10222,1,1464451083,3555.423
10223,1,1464451084,3554.887
10224,1,1464451085,3555.7705
10225,1,1464451087,3555.3254
10226,1,1464451088,3555.1062
10227,1,1464451090,3554.4963
10228,1,1464451091,3554.964
10229,1,1464451093,3553.95
10230,1,1464451094,3554.1685
10231,1,1464451096,3553.803
10232,1,1464451097,3553.0605
10233,1,1464451099,3555.432
10234,1,1464451100,3555.1287
10235,1,1464451102,3553.893
10236,1,1464451103,3555.5085
10237,1,1464451104,3556.2158
10238,1,1464451106,3554.3843
10239,1,1464451107,3555.35
10240,1,1464451109,3554.6907
10241,1,1464451110,3555.5579
10242,1,1464451112,3553.5222
10243,1,1464451113,3552.6665
10244,1,1464451115,3554.0247
10245,1,1464451116,3554.2788
10246,1,1464451118,3553.397
10247,1,1464451119,3554.1963
10248,1,1464451120,3554.6733
10249,1,1464451122,3553.2651
10250,1,1464451123,3554.35
10251,1,1464451125,3554.0369
10252,1,1464451126,3554.2632
10253,1,1464451128,3554.5354
10254,1,1464451129,3553.0684
10255,1,1464451131,3554.0146
10256,1,1464451132,3553.3337
10257,1,1464451134,3553.0806
10258,1,1464451135,3551.9023
10259,1,1464451136,3551.8953
10260,1,1464451138,3552.465
10261,1,1464451139,3552.7097
10262,1,1464451141,3554.525
10263,1,1464451142,3553.3823
10264,1,1464451144,3551.605
10265,1,1464451145,3551.5417
10266,1,1464451147,3551.9333
10267,1,1464451148,3552.525
10268,1,1464451150,3550.8872
10269,1,1464451151,3553.6492
10270,1,1464451153,3552.9456
10271,1,1464451154,3551.6243
10272,1,1464451155,3551.2007
10273,1,1464451157,3552.8943
10274,1,1464451158,3551.9963
10275,1,1464451160,3551.4246
10276,1,1464451161,3551.9756
10277,1,1464451163,3553.8774
10278,1,1464451164,3551.7087
10279,1,1464451166,3551.2903
10280,1,1464451167,3551.4055
10281,1,1464451169,3552.5667
10282,1,1464451170,3551.876
10283,1,1464451171,3552.278
10284,1,1464451173,3552.8604
10285,1,1464451174,3552.2288
10286,1,1464451176,3552.977
10287,1,1464451177,3551.993
10288,1,1464451179,3550.394
10289,1,1464451180,3550.4028
10290,1,1464451182,3550.8052
10291,1,1464451183,3551.3308
10292,1,1464451185,3550.381
10293,1,1464451186,3549.815
10294,1,1464451187,3550.4968
10295,1,1464451189,3553.6736
10296,1,1464451190,3549.8896
10297,1,1464451192,3550.6638
10298,1,1464451193,3550.1355
10299,1,1464451195,3551.331
10300,1,1464451196,3550.5203
10301,1,1464451198,3551.7988
10302,1,1464451199,3552.9795
10303,1,1464451201,3550.9976
10304,1,1464451202,3551.574
10305,1,1464451203,3552.5696
10306,1,1464451205,3550.164
10307,1,1464451206,3551.5952
10308,1,1464451208,3550.358
10309,1,1464451209,3553.2717
10310,1,1464451211,3551.1084
10311,1,1464451212,3552.07
10312,1,1464451214,3551.045
10313,1,1464451215,3550.4673
10314,1,1464451217,3552.584
10315,1,1464451218,3552.267
10316,1,1464451220,3552.1946
10317,1,1464451221,3552.8745
10318,1,1464451222,3550.7783
10319,1,1464451224,3549.48
10320,1,1464451225,3551.6072
10321,1,1464451227,3550.888
10322,1,1464451228,3551.5254
10323,1,1464451230,3551.3594
10324,1,1464451231,3551.0703
10325,1,1464451233,3551.9023
10326,1,1464451234,3551.3804
10327,1,1464451236,3550.7126
10328,1,1464451237,3550.2722
10329,1,1464451238,3549.9238
10330,1,1464451240,3549.25
10331,1,1464451241,3549.9402
10332,1,1464451243,3552.1433
10333,1,1464451244,3549.985
10334,1,1464451246,3549.6997
10335,1,1464451247,3548.6724
10336,1,1464451249,3548.6294
10337,1,1464451250,3550.9707
10338,1,1464451252,3551.4893
10339,1,1464451253,3550.96
10340,1,1464451254,3551.1338
10341,1,1464451256,3550.8542
10342,1,1464451257,3549.6458
10343,1,1464451259,3549.3535
10344,1,1464451260,3549.607
10345,1,1464451262,3550.6482
10346,1,1464451263,3550.5876
10347,1,1464451265,3551.8533
10348,1,1464451266,3550.4912
10349,1,1464451268,3552.3062
10350,1,1464451269,3552.6182
10351,1,1464451271,3552.219
10352,1,1464451272,3551.3071
10353,1,1464451273,3551.7522
10354,1,1464451275,3552.8079
10355,1,1464451276,3551.8176
10356,1,1464451278,3551.9111
10357,1,1464451279,3553.97
10358,1,1464451281,3550.9917
10359,1,1464451282,3551.21
10360,1,1464451284,3549.6377
10361,1,1464451285,3550.976
10362,1,1464451287,3551.3865
10363,1,1464451288,3549.9587
10364,1,1464451289,3551.5906
10365,1,1464451291,3550.461
10366,1,1464451292,3549.1519
10367,1,1464451294,3551.2363
10368,1,1464451295,3551.2998
10369,1,1464451297,3549.7117
10370,1,1464451298,3550.5493
10371,1,1464451300,3549.8347
10372,1,1464451301,3550.756
10373,1,1464451303,3550.3176
10374,1,1464451304,3550.2231
10375,1,1464451305,3549.809
10376,1,1464451307,3550.4504
10377,1,1464451308,3550.8906
10378,1,1464451310,3550.0117
10379,1,1464451311,3550.8845
10380,1,1464451313,3551.7476
10381,1,1464451314,3550.5571
10382,1,1464451316,3550.9211
10383,1,1464451317,3550.896
10384,1,1464451319,3550.1738
10385,1,1464451320,3551.3972
10386,1,1464451322,3551.2927
10387,1,1464451323,3549.0903
10388,1,1464451324,3550.8508
10389,1,1464451326,3550.3132
10390,1,1464451327,3551.5703
10391,1,1464451329,3550.4583
10392,1,1464451330,3550.8542
10393,1,1464451332,3552.5784
10394,1,1464451333,3551.905
10395,1,1464451335,3548.9038
10396,1,1464451336,3551.4314
10397,1,1464451338,3549.9473
10398,1,1464451339,3549.927
10399,1,1464451340,3550.559
10400,1,1464451342,3548.9578
10401,1,1464451343,3548.455
10402,1,1464451345,3550.9473
10403,1,1464451346,3548.9
10404,1,1464451348,3549.3276
10405,1,1464451349,3548.703
10406,1,1464451351,3550.4844
10407,1,1464451352,3551.7827
10408,1,1464451354,3550.2468
10409,1,1464451355,3550.098
10410,1,1464451356,3548.32
10411,1,1464451358,3550.665
10412,1,1464451359,3549.029
10413,1,1464451361,3551.7825
10414,1,1464451362,3552.0537
10415,1,1464451364,3547.9736
10416,1,1464451365,3552.0388
10417,1,1464451367,3550.3184
10418,1,1464451368,3547.9373
10419,1,1464451370,3549.2007
10420,1,1464451371,3549.782
10421,1,1464451373,3549.4424
10422,1,1464451374,3547.8254
10423,1,1464451375,3548.6995
10424,1,1464451377,3549.0156
10425,1,1464451378,3548.4175
10426,1,1464451380,3548.4924
10427,1,1464451381,3548.2708
10428,1,1464451383,3549.4958
10429,1,1464451384,3549.5693
10430,1,1464451386,3547.4382
10431,1,1464451387,3548.1057
10432,1,1464451389,3549.579
10433,1,1464451390,3548.282
10434,1,1464451391,3548.8208
10435,1,1464451393,3549.1812
10436,1,1464451394,3548.619
10437,1,1464451396,3546.1458
10438,1,1464451397,3549.5398
10439,1,1464451399,3546.7068
10440,1,1464451400,3547.5852
10441,1,1464451402,3547.5356
10442,1,1464451403,3546.4067
10443,1,1464451405,3546.2798
10444,1,1464451406,3548.425
10445,1,1464451407,3546.9573
10446,1,1464451409,3547.9253
10447,1,1464451410,3547.7913
10448,1,1464451412,3548.827
10449,1,1464451413,3546.501
10450,1,1464451415,3548.0063
10451,1,1464451416,3546.9304
10452,1,1464451418,3546.8901
10453,1,1464451419,3547.6218
10454,1,1464451421,3547.5325
10455,1,1464451422,3549.067
10456,1,1464451423,3547.1992
10457,1,1464451425,3549.0825
10458,1,1464451426,3545.9824
10459,1,1464451428,3547.602
10460,1,1464451429,3547.864
10461,1,1464451431,3547.7727
10462,1,1464451432,3547.5994
10463,1,1464451434,3546.9727
10464,1,1464451435,3546.5085
10465,1,1464451437,3547.5708
10466,1,1464451438,3547.356
10467,1,1464451440,3547.0833
10468,1,1464451441,3548.1138
10469,1,1464451442,3547.8552
10470,1,1464451444,3548.6196
10471,1,1464451445,3546.6868
10472,1,1464451447,3548.1682
10473,1,1464451448,3546.5452
10474,1,1464451450,3548.0652
10475,1,1464451451,3548.6282
10476,1,1464451453,3546.7363
10477,1,1464451454,3546.7744
10478,1,1464451456,3546.731
10479,1,1464451457,3546.587
10480,1,1464451458,3546.4568
10481,1,1464451460,3545.7822
10482,1,1464451461,3545.6738
10483,1,1464451463,3545.1663
10484,1,1464451464,3545.4219
10485,1,1464451466,3543.762
10486,1,1464451467,3543.2666
10487,1,1464451469,3545.4504
10488,1,1464451470,3545.7146
10489,1,1464451472,3546.1523
10490,1,1464451473,3544.0732
10491,1,1464451474,3544.7341
10492,1,1464451476,3546.048
10493,1,1464451477,3543.228
10494,1,1464451479,3545.7156
10495,1,1464451480,3544.8293
10496,1,1464451482,3544.9143
10497,1,1464451483,3546.2961
10498,1,1464451485,3542.6985
10499,1,1464451486,3545.5105
10500,1,1464451488,3543.391
10501,1,1464451489,3543.8877
10502,1,1464451491,3545.2832
10503,1,1464451492,3544.172
10504,1,1464451493,3543.0457
10505,1,1464451495,3545.319
10506,1,1464451496,3544.5298
10507,1,1464451498,3541.2808
10508,1,1464451499,3543.3347
10509,1,1464451501,3542.724
10510,1,1464451502,3543.2837
10511,1,1464451504,3543.1785
10512,1,1464451505,3544.1746
10513,1,1464451507,3542.2556
10514,1,1464451508,3543.2646
10515,1,1464451509,3543.1233
10516,1,1464451511,3541.8103
10517,1,1464451512,3541.941
10518,1,1464451514,3543.5132
10519,1,1464451515,3541.7034
10520,1,1464451517,3541.9512
10521,1,1464451518,3542.1743
10522,1,1464451520,3541.5781
10523,1,1464451521,3541.5935
10524,1,1464451523,3542.0613
10525,1,1464451524,3541.876
10526,1,1464451525,3542.3088
10527,1,1464451527,3540.8755
10528,1,1464451528,3541.0737
10529,1,1464451530,3542.1367
10530,1,1464451531,3543.2034
10531,1,1464451533,3543.3286
10532,1,1464451534,3542.763
10533,1,1464451536,3542.437
10534,1,1464451537,3542.4604
10535,1,1464451539,3541.8203
10536,1,1464451540,3541.3728
10537,1,1464451542,3542.8376
10538,1,1464451543,3542.178
10539,1,1464451544,3541.57
10540,1,1464451546,3542.6726
10541,1,1464451547,3543.3538
10542,1,1464451549,3544.2903
10543,1,1464451550,3542.8318
10544,1,1464451552,3542.5454
10545,1,1464451553,3542.6929
10546,1,1464451555,3542.3188
10547,1,1464451556,3542.3574
10548,1,1464451558,3541.611
10549,1,1464451559,3542.8467
10550,1,1464451560,3542.6067
10551,1,1464451562,3542.7273
10552,1,1464451563,3542.8347
10553,1,1464451565,3541.3403
10554,1,1464451566,3542.0403
10555,1,1464451568,3541.8843
10556,1,1464451569,3541.3198
10557,1,1464451571,3542.9128
10558,1,1464451572,3544.078
10559,1,1464451574,3541.7866
10560,1,1464451575,3541.7166
10561,1,1464451576,3540.4343
10562,1,1464451578,3542.2224
10563,1,1464451579,3541.31
10564,1,1464451581,3541.3599
10565,1,1464451582,3540.6196
10566,1,1464451584,3538.6162
10567,1,1464451585,3539.937
10568,1,1464451587,3538.9426
10569,1,1464451588,3539.8142
10570,1,1464451590,3540.7585
10571,1,1464451591,3540.663
10572,1,1464451593,3541.9045
10573,1,1464451594,3540.2075
10574,1,1464451595,3539.695
10575,1,1464451597,3540.9666
10576,1,1464451598,3540.2988
10577,1,1464451600,3540.7742
10578,1,1464451601,3540.5447
10579,1,1464451603,3542.4778
10580,1,1464451604,3542.3618
10581,1,1464451606,3540.1833
10582,1,1464451607,3539.763
10583,1,1464451609,3541.5457
10584,1,1464451610,3540.1199
10585,1,1464451611,3539.3066
10586,1,1464451613,3541.3838
10587,1,1464451614,3540.6797
10588,1,1464451616,3540.2234
10589,1,1464451617,3541.1301
10590,1,1464451619,3539.5898
10591,1,1464451620,3539.8677
10592,1,1464451622,3540.8271
10593,1,1464451623,3541.6162
10594,1,1464451625,3540.6113
10595,1,1464451626,3539.4072
10596,1,1464451627,3539.365
10597,1,1464451629,3540.159
10598,1,1464451630,3541.3855
10599,1,1464451632,3540.1553
10600,1,1464451633,3540.6082
10601,1,1464451635,3539.5146
10602,1,1464451636,3538.6394
10603,1,1464451638,3537.9878
10604,1,1464451639,3540.129
10605,1,1464451641,3539.4211
10606,1,1464451642,3540.1904
10607,1,1464451643,3540.4321
10608,1,1464451645,3539.6775
10609,1,1464451646,3541.2104
10610,1,1464451648,3542.0964
10611,1,1464451649,3541.7288
10612,1,1464451651,3539.9092
10613,1,1464451652,3538.6282
10614,1,1464451654,3541.0913
10615,1,1464451655,3540.1858
10616,1,1464451657,3539.6382
10617,1,1464451658,3540.358
10618,1,1464451660,3540.7224
10619,1,1464451661,3540.061
10620,1,1464451662,3540.2854
10621,1,1464451664,3540.2168
10622,1,1464451665,3539.9507
10623,1,1464451667,3541.1726
10624,1,1464451668,3539.5527
10625,1,1464451670,3538.2444
10626,1,1464451671,3541.1384
10627,1,1464451673,3538.5981
10628,1,1464451674,3539.2327
10629,1,1464451676,3539.807
10630,1,1464451677,3538.9873
10631,1,1464451678,3539.9897
10632,1,1464451680,3538.4473
10633,1,1464451681,3539.554
10634,1,1464451683,3538.3164
10635,1,1464451684,3538.4321
10636,1,1464451686,3539.533
10637,1,1464451687,3539.2122
10638,1,1464451689,3538.9905
10639,1,1464451690,3537.3577
10640,1,1464451692,3538.2976
10641,1,1464451693,3538.2256
10642,1,1464451694,3539.0232
10643,1,1464451696,3539.287
10644,1,1464451697,3539.5925
10645,1,1464451699,3539.058
10646,1,1464451700,3537.2263
10647,1,1464451702,3538.2766
10648,1,1464451703,3538.5017
10649,1,1464451705,3537.6326
10650,1,1464451706,3536.9734
10651,1,1464451708,3538.086
10652,1,1464451709,3537.546
10653,1,1464451711,3535.897
10654,1,1464451712,3536.657
10655,1,1464451713,3536.4375
10656,1,1464451715,3535.533
10657,1,1464451716,3537.6616
10658,1,1464451718,3536.7114
10659,1,1464451719,3536.1943
10660,1,1464451721,3536.0588
10661,1,1464451722,3536.2954
10662,1,1464451724,3536.644
10663,1,1464451725,3536.472
10664,1,1464451727,3536.107
10665,1,1464451728,3537.5872
10666,1,1464451729,3538.2307
10667,1,1464451731,3535.356
10668,1,1464451732,3536.9473
10669,1,1464451734,3536.1006
10670,1,1464451735,3536.465
10671,1,1464451737,3536.7878
10672,1,1464451738,3536.6753
10673,1,1464451740,3536.6606
10674,1,1464451741,3535.4448
10675,1,1464451743,3535.3894
10676,1,1464451744,3535.5088
10677,1,1464451745,3535.3093
10678,1,1464451747,3535.34
10679,1,1464451748,3534.9224
10680,1,1464451750,3535.627
10681,1,1464451751,3535.9949
10682,1,1464451753,3534.9722
10683,1,1464451754,3536.0806
10684,1,1464451756,3535.0828
10685,1,1464451757,3535.6206
10686,1,1464451759,3536.257
10687,1,1464451760,3536.3196
10688,1,1464451762,3537.2764
10689,1,1464451763,3535.9968
10690,1,1464451764,3535.641
10691,1,1464451766,3535.2385
10692,1,1464451767,3536.1118
10693,1,1464451769,3535.6938
10694,1,1464451770,3536.4878
10695,1,1464451772,3536.4429
10696,1,1464451773,3535.6018
10697,1,1464451775,3535.0388
10698,1,1464451776,3535.7505
10699,1,1464451778,3537.241
10700,1,1464451779,3536.4243
10701,1,1464451780,3537.631
10702,1,1464451782,3535.048
10703,1,1464451783,3536.1995
10704,1,1464451785,3536.1775
10705,1,1464451786,3536.115
10706,1,1464451788,3536.2246
10707,1,1464451789,3536.4434
10708,1,1464451791,3535.993
10709,1,1464451792,3535.2864
10710,1,1464451794,3537.839
10711,1,1464451795,3537.0542
10712,1,1464451796,3537.2336
10713,1,1464451798,3537.246
10714,1,1464451799,3537.2341
10715,1,1464451801,3537.6648
10716,1,1464451802,3537.569
10717,1,1464451804,3537.2668
10718,1,1464451805,3536.3447
10719,1,1464451807,3538.1545
10720,1,1464451808,3535.6177
10721,1,1464451810,3536.7107
10722,1,1464451811,3536.502
10723,1,1464451813,3535.701
10724,1,1464451814,3537.7275
10725,1,1464451815,3536.7793
10726,1,1464451817,3536.3098
10727,1,1464451818,3536.29
10728,1,1464451820,3535.4207
10729,1,1464451821,3535.5735
10730,1,1464451823,3534.7576
10731,1,1464451824,3535.805
10732,1,1464451826,3535.309
10733,1,1464451827,3534.7095
10734,1,1464451829,3534.909
10735,1,1464451830,3533.8804
10736,1,1464451831,3533.7947
10737,1,1464451833,3534.5823
10738,1,1464451834,3534.2341
10739,1,1464451836,3533.6897
10740,1,1464451837,3534.1885
10741,1,1464451839,3533.3474
10742,1,1464451840,3533.671
10743,1,1464451842,3533.148
10744,1,1464451843,3531.8528
10745,1,1464451845,3534.894
10746,1,1464451846,3534.4749
10747,1,1464451847,3533.1355
10748,1,1464451849,3533.3054
10749,1,1464451850,3532.2222
10750,1,1464451852,3533.2805
10751,1,1464451853,3533.6438
10752,1,1464451855,3534.1475
10753,1,1464451856,3533.9836
10754,1,1464451858,3533.1265
10755,1,1464451859,3533.1633
10756,1,1464451861,3534.8052
10757,1,1464451862,3533.231
10758,1,1464451863,3533.697
10759,1,1464451865,3532.6487
10760,1,1464451866,3532.7686
10761,1,1464451868,3534.9243
10762,1,1464451869,3533.6716
10763,1,1464451871,3534.5737
10764,1,1464451872,3533.0935
10765,1,1464451874,3533.3542
10766,1,1464451875,3533.1296
10767,1,1464451877,3533.8303
10768,1,1464451878,3533.9397
10769,1,1464451880,3534.4563
10770,1,1464451881,3534.3005
10771,1,1464451882,3533.6597
10772,1,1464451884,3533.5999
10773,1,1464451885,3535.2593
10774,1,1464451887,3533.2405
10775,1,1464451888,3534.402
10776,1,1464451890,3533.6343
10777,1,1464451891,3533.0115
10778,1,1464451893,3533.9038
10779,1,1464451894,3532.097
10780,1,1464451896,3532.1997
10781,1,1464451897,3532.9539
10782,1,1464451898,3531.4531
10783,1,1464451900,3532.8015
10784,1,1464451901,3531.8303
10785,1,1464451903,3532.8894
10786,1,1464451904,3531.8088
10787,1,1464451906,3533.8647
10788,1,1464451907,3530.347
10789,1,1464451909,3532.0864
10790,1,1464451910,3529.5417
10791,1,1464451912,3530.6633
10792,1,1464451913,3531.0115
10793,1,1464451914,3532.5137
10794,1,1464451916,3530.0613
10795,1,1464451917,3531.1167
10796,1,1464451919,3530.6042
10797,1,1464451920,3528.856
10798,1,1464451922,3529.8787
10799,1,1464451923,3528.489
10800,1,1464451925,3527.565
10801,1,1464451926,3528.402
10802,1,1464451928,3528.167
10803,1,1464451929,3527.9673
10804,1,1464451931,3525.4468
10805,1,1464451932,3526.9849
10806,1,1464451933,3527.4321
10807,1,1464451935,3526.6094
10808,1,1464451936,3525.2083
10809,1,1464451938,3525.5886
10810,1,1464451939,3524.7017
10811,1,1464451941,3525.7268
10812,1,1464451942,3524.6104
10813,1,1464451944,3524.6472
10814,1,1464451945,3524.7903
10815,1,1464451947,3525.0154
10816,1,1464451948,3524.3184
10817,1,1464451949,3523.5554
10818,1,1464451951,3526.231
10819,1,1464451952,3525.6565
10820,1,1464451954,3524.6091
10821,1,1464451955,3524.6
10822,1,1464451957,3523.539
10823,1,1464451958,3524.863
10824,1,1464451960,3523.2153
10825,1,1464451961,3522.929
10826,1,1464451963,3523.8096
10827,1,1464451964,3524.3438
10828,1,1464451965,3522.4988
10829,1,1464451967,3523.9568
10830,1,1464451968,3523.053
10831,1,1464451970,3524.9878
10832,1,1464451971,3524.6636
10833,1,1464451973,3524.6687
10834,1,1464451974,3523.0325
10835,1,1464451976,3523.8943
10836,1,1464451977,3524
10837,1,1464451979,3523.737
10838,1,1464451980,3523.3872
10839,1,1464451982,3522.639
10840,1,1464451983,3522.474
10841,1,1464451984,3522.7175
10842,1,1464451986,3522.9275
10843,1,1464451987,3522.9297
10844,1,1464451989,3523.9412
10845,1,1464451990,3523.18
10846,1,1464451992,3522.9443
10847,1,1464451993,3523.9492
10848,1,1464451995,3522.0166
10849,1,1464451996,3523.6606
10850,1,1464451998,3522.3142
10851,1,1464451999,3524.5686
10852,1,1464452000,3522.537
10853,1,1464452002,3522.8677
10854,1,1464452003,3520.88
10855,1,1464452005,3522.8782
10856,1,1464452006,3523.2017
10857,1,1464452008,3522.0667
10858,1,1464452009,3521.5398
10859,1,1464452011,3522.1895
10860,1,1464452012,3522.1335
10861,1,1464452014,3521.5315
10862,1,1464452015,3523.2556
10863,1,1464452016,3521.6218
10864,1,1464452018,3522.8704
10865,1,1464452019,3524.7073
10866,1,1464452021,3520.74
10867,1,1464452022,3522.7178
10868,1,1464452024,3520.9275
10869,1,1464452025,3523.4023
10870,1,1464452027,3522.4163
10871,1,1464452028,3519.9556
10872,1,1464452030,3521.3025
10873,1,1464452031,3519.5137
10874,1,1464452033,3520.4646
10875,1,1464452034,3520.4858
10876,1,1464452035,3522.355
10877,1,1464452037,3520.4187
10878,1,1464452038,3521.6406
10879,1,1464452040,3521.5857
10880,1,1464452041,3520.363
10881,1,1464452043,3521.2156
10882,1,1464452044,3520.1638
10883,1,1464452046,3521.6763
10884,1,1464452047,3520.9946
10885,1,1464452049,3521.4316
10886,1,1464452050,3520.7512
10887,1,1464452051,3522.4387
10888,1,1464452053,3521.2026
10889,1,1464452054,3521.2827
10890,1,1464452056,3520.4587
10891,1,1464452057,3521.8281
10892,1,1464452059,3521.3472
10893,1,1464452060,3520.5469
10894,1,1464452062,3520.5305
10895,1,1464452063,3521.9834
10896,1,1464452065,3519.852
10897,1,1464452066,3521.006
10898,1,1464452067,3519.8665
10899,1,1464452069,3520.3423
10900,1,1464452070,3520.607
10901,1,1464452072,3518.557
10902,1,1464452073,3520.1453
10903,1,1464452075,3519.1597
10904,1,1464452076,3520.2683
10905,1,1464452078,3520.0217
10906,1,1464452079,3519.52
10907,1,1464452081,3520.0762
10908,1,1464452082,3520.5044
10909,1,1464452083,3521.1782
10910,1,1464452085,3518.8
10911,1,1464452086,3519.4275
10912,1,1464452088,3519.4624
10913,1,1464452089,3519.7732
10914,1,1464452091,3518.4434
10915,1,1464452092,3519.468
10916,1,1464452094,3520.5479
10917,1,1464452095,3521.2637
10918,1,1464452097,3520.131
10919,1,1464452098,3520.4656
10920,1,1464452100,3519.9521
10921,1,1464452101,3520.1248
10922,1,1464452102,3519.0244
10923,1,1464452104,3520.096
10924,1,1464452105,3519.3066
10925,1,1464452107,3520.5112
10926,1,1464452108,3519.6301
10927,1,1464452110,3521.0308
10928,1,1464452111,3520.24
10929,1,1464452113,3520.4558
10930,1,1464452114,3518.9226
10931,1,1464452116,3519.1233
10932,1,1464452117,3519.4082
10933,1,1464452118,3518.935
10934,1,1464452120,3519.6663
10935,1,1464452121,3520.7493
10936,1,1464452123,3519.5488
10937,1,1464452124,3519.8381
10938,1,1464452126,3518.7014
10939,1,1464452127,3521.978
10940,1,1464452129,3519.681
10941,1,1464452130,3520.059
10942,1,1464452132,3518.3757
10943,1,1464452133,3518.8572
10944,1,1464452134,3518.5034
10945,1,1464452136,3517.5164
10946,1,1464452137,3518.8645
10947,1,1464452139,3518.0728
10948,1,1464452140,3517.7163
10949,1,1464452142,3519.6875
10950,1,1464452143,3517.8792
10951,1,1464452145,3519.54
10952,1,1464452146,3518.3113
10953,1,1464452148,3516.3906
10954,1,1464452149,3518.8513
10955,1,1464452151,3518.279
10956,1,1464452152,3517.6682
10957,1,1464452153,3518.8804
10958,1,1464452155,3518.0627
10959,1,1464452156,3517.9854
10960,1,1464452158,3519.0537
10961,1,1464452159,3518.0378
10962,1,1464452161,3519.5852
10963,1,1464452162,3518.3008
10964,1,1464452164,3517.4517
10965,1,1464452165,3517.3142
10966,1,1464452167,3516.7688
10967,1,1464452168,3515.072
10968,1,1464452169,3515.2043
10969,1,1464452171,3517.4382
10970,1,1464452172,3517.6497
10971,1,1464452174,3517.6501
10972,1,1464452175,3515.667
10973,1,1464452177,3517.453
10974,1,1464452178,3514.3901
10975,1,1464452180,3516.8613
10976,1,1464452181,3519.8943
10977,1,1464452183,3517.3293
10978,1,1464452184,3517.593
10979,1,1464452185,3519.4019
10980,1,1464452187,3517.8218
10981,1,1464452188,3517.9556
10982,1,1464452190,3518.4478
10983,1,1464452191,3518.7126
10984,1,1464452193,3517.015
10985,1,1464452194,3519.3254
10986,1,1464452196,3516.7793
10987,1,1464452197,3517.6428
10988,1,1464452199,3515.9082
10989,1,1464452200,3514.1897
10990,1,1464452202,3513.7644
10991,1,1464452203,3515.5774
10992,1,1464452204,3515.124
10993,1,1464452206,3516.7185
10994,1,1464452207,3514.963
10995,1,1464452209,3517.8972
10996,1,1464452210,3521.314
10997,1,1464452212,3521.1792
10998,1,1464452213,3520.0881
10999,1,1464452215,3518.5408
11000,1,1464452216,3520.9978
11001,1,1464452218,3519.7795
11002,1,1464452219,3518.643
11003,1,1464452220,3518.7349
11004,1,1464452222,3517.614
11005,1,1464452223,3518.3943
11006,1,1464452225,3516.87
11007,1,1464452226,3515.7686
11008,1,1464452228,3517.5293
11009,1,1464452229,3517.576
11010,1,1464452231,3516.6433
11011,1,1464452232,3518.204
11012,1,1464452234,3516.7305
11013,1,1464452235,3517.0105
11014,1,1464452236,3517.8027
11015,1,1464452238,3516.5327
11016,1,1464452239,3517.6106
11017,1,1464452241,3517.838
11018,1,1464452242,3518.3943
11019,1,1464452244,3518.4026
11020,1,1464452245,3520.179
11021,1,1464452247,3519.164
11022,1,1464452248,3516.9717
11023,1,1464452250,3517.611
11024,1,1464452251,3518.1665
11025,1,1464452253,3517.2437
11026,1,1464452254,3516.3196
11027,1,1464452255,3515.837
11028,1,1464452257,3515.9023
11029,1,1464452258,3515.6836
11030,1,1464452260,3515.8372
11031,1,1464452261,3515.6562
11032,1,1464452263,3516.1836
11033,1,1464452264,3515.4253
11034,1,1464452266,3515.5115
11035,1,1464452267,3512.4546
11036,1,1464452269,3514.885
11037,1,1464452270,3513.691
11038,1,1464452271,3512.0898
11039,1,1464452273,3514.1523
11040,1,1464452274,3514.5007
11041,1,1464452276,3513.6687
11042,1,1464452277,3512.1177
11043,1,1464452279,3512.1404
11044,1,1464452280,3512.851
11045,1,1464452282,3512.5789
11046,1,1464452283,3513.051
11047,1,1464452285,3513.529
11048,1,1464452286,3514.6326
11049,1,1464452287,3512.6453
11050,1,1464452289,3513.0593
11051,1,1464452290,3513.76
11052,1,1464452292,3512.8586
11053,1,1464452293,3512.5703
11054,1,1464452295,3511.7651
11055,1,1464452296,3512.465
11056,1,1464452298,3512.2805
11057,1,1464452299,3513.3997
11058,1,1464452301,3513.691
11059,1,1464452302,3513.134
11060,1,1464452303,3513.511
11061,1,1464452305,3512.8755
11062,1,1464452306,3512.653
11063,1,1464452308,3512.8196
11064,1,1464452309,3511.3481
11065,1,1464452311,3513.43
11066,1,1464452312,3513.1304
11067,1,1464452314,3512.1033
11068,1,1464452315,3513.4236
11069,1,1464452317,3513.1675
11070,1,1464452318,3513.0925
11071,1,1464452320,3513.924
11072,1,1464452321,3514.073
11073,1,1464452322,3512.4377
11074,1,1464452324,3512.2798
11075,1,1464452325,3513.431
11076,1,1464452327,3513.1873
11077,1,1464452328,3513.9097
11078,1,1464452330,3513.1272
11079,1,1464452331,3511.1497
11080,1,1464452333,3514.487
11081,1,1464452334,3513.9055
11082,1,1464452336,3513.0608
11083,1,1464452337,3512.7268
11084,1,1464452338,3513.0667
11085,1,1464452340,3513.0298
11086,1,1464452341,3512.528
11087,1,1464452343,3511.8032
11088,1,1464452344,3512.2683
11089,1,1464452346,3513.5083
11090,1,1464452347,3512.1282
11091,1,1464452349,3512.1099
11092,1,1464452350,3514.1775
11093,1,1464452352,3513.2854
11094,1,1464452353,3513.2734
11095,1,1464452354,3512.3162
11096,1,1464452356,3512.6133
11097,1,1464452357,3513.0085
11098,1,1464452359,3511.7737
11099,1,1464452360,3512.206
11100,1,1464452362,3510.9578
11101,1,1464452363,3511.056
11102,1,1464452365,3511.3909
11103,1,1464452366,3511.3132
11104,1,1464452368,3511.106
11105,1,1464452369,3511.1704
11106,1,1464452371,3511.219
11107,1,1464452372,3511.089
11108,1,1464452373,3511.429
11109,1,1464452375,3510.3994
11110,1,1464452376,3510.3577
11111,1,1464452378,3511.077
11112,1,1464452379,3508.0906
11113,1,1464452381,3509.8816
11114,1,1464452382,3508.0042
11115,1,1464452384,3508.7761
11116,1,1464452385,3510.568
11117,1,1464452387,3509.3796
11118,1,1464452388,3509.165
11119,1,1464452389,3509.1665
11120,1,1464452391,3509.2397
11121,1,1464452392,3508.4612
11122,1,1464452394,3507.9067
11123,1,1464452395,3506.742
11124,1,1464452397,3508.0513
11125,1,1464452398,3507.3716
11126,1,1464452400,3508.498
11127,1,1464452401,3508.0151
11128,1,1464452403,3508.2534
11129,1,1464452404,3508.5127
11130,1,1464452405,3509.6519
11131,1,1464452407,3508.4836
11132,1,1464452408,3507.1353
11133,1,1464452410,3507.6045
11134,1,1464452411,3508.9453
11135,1,1464452413,3511.9656
11136,1,1464452414,3508.087
11137,1,1464452416,3508.6206
11138,1,1464452417,3509.5354
11139,1,1464452419,3508.3955
11140,1,1464452420,3509.5105
11141,1,1464452422,3509.1885
11142,1,1464452423,3509.8555
11143,1,1464452424,3509.321
11144,1,1464452426,3510.6729
11145,1,1464452427,3509.9365
11146,1,1464452429,3509.6367
11147,1,1464452430,3510.0305
11148,1,1464452432,3509.4956
11149,1,1464452433,3509.1338
11150,1,1464452435,3510.2024
11151,1,1464452436,3508.666
11152,1,1464452438,3508.8757
11153,1,1464452439,3508.36
11154,1,1464452440,3509.479
11155,1,1464452442,3510.2034
11156,1,1464452443,3509.6584
11157,1,1464452445,3509.581
11158,1,1464452446,3509.253
11159,1,1464452448,3510.1494
11160,1,1464452449,3509.7512
11161,1,1464452451,3508.8535
11162,1,1464452452,3509.7773
11163,1,1464452454,3508.6233
11164,1,1464452455,3508.612
11165,1,1464452456,3509.8315
11166,1,1464452458,3509.4343
11167,1,1464452459,3507.4897
11168,1,1464452461,3508.4763
11169,1,1464452462,3509.047
11170,1,1464452464,3508.8867
11171,1,1464452465,3506.863
11172,1,1464452467,3508.3562
11173,1,1464452468,3507.087
11174,1,1464452470,3509.161
11175,1,1464452471,3509.2769
11176,1,1464452473,3508.7
11177,1,1464452474,3507.5898
11178,1,1464452475,3507.254
11179,1,1464452477,3507.985
11180,1,1464452478,3507.831
11181,1,1464452480,3507.9111
11182,1,1464452481,3507.829
11183,1,1464452483,3507.568
11184,1,1464452484,3507.0837
11185,1,1464452486,3507.9006
11186,1,1464452487,3504.9658
11187,1,1464452489,3507.3044
11188,1,1464452490,3506.2898
11189,1,1464452491,3506.1719
11190,1,1464452493,3506.9724
11191,1,1464452494,3505.93
11192,1,1464452496,3506.5217
11193,1,1464452497,3507.2307
11194,1,1464452499,3507.0444
11195,1,1464452500,3505.774
11196,1,1464452502,3507.6926
11197,1,1464452503,3504.764
11198,1,1464452505,3505.003
11199,1,1464452506,3507.1274
11200,1,1464452507,3506.58
11201,1,1464452509,3505.9578
11202,1,1464452510,3506.214
11203,1,1464452512,3504.7761
11204,1,1464452513,3503.5972
11205,1,1464452515,3506.7854
11206,1,1464452516,3505.4329
11207,1,1464452518,3503.7512
11208,1,1464452519,3504.5574
11209,1,1464452521,3505.1516
11210,1,1464452522,3505.998
11211,1,1464452523,3506.7456
11212,1,1464452525,3503.865
11213,1,1464452526,3505.307
11214,1,1464452528,3506.56
11215,1,1464452529,3505.4475
11216,1,1464452531,3503.5984
11217,1,1464452532,3505.4214
11218,1,1464452534,3504.533
11219,1,1464452535,3505.5547
11220,1,1464452537,3504.6824
11221,1,1464452538,3506.3672
11222,1,1464452540,3505.3975
11223,1,1464452541,3506.6655
11224,1,1464452542,3507.4377
11225,1,1464452544,3507.2026
11226,1,1464452545,3505.9922
11227,1,1464452547,3507.0042
11228,1,1464452548,3507.461
11229,1,1464452550,3505.9507
11230,1,1464452551,3507.5137
11231,1,1464452553,3507.7734
11232,1,1464452554,3505.7788
11233,1,1464452556,3506.6086
11234,1,1464452557,3506.6848
11235,1,1464452558,3506.589
11236,1,1464452560,3506.0115
11237,1,1464452561,3506.7888
11238,1,1464452563,3507.579
11239,1,1464452564,3506.5864
11240,1,1464452566,3507.1416
11241,1,1464452567,3507.4902
11242,1,1464452569,3505.5706
11243,1,1464452570,3506.9485
11244,1,1464452572,3508.296
11245,1,1464452573,3506.9878
11246,1,1464452574,3508.1453
11247,1,1464452576,3505.3982
11248,1,1464452577,3508.2036
11249,1,1464452579,3507.237
11250,1,1464452580,3509.1099
11251,1,1464452582,3506.902
11252,1,1464452583,3506.2063
11253,1,1464452585,3506.9526
11254,1,1464452586,3506.9104
11255,1,1464452588,3508.6738
11256,1,1464452589,3506.856
11257,1,1464452591,3508.0178
11258,1,1464452592,3507.2546
11259,1,1464452593,3508.6733
11260,1,1464452595,3506.1768
11261,1,1464452596,3506.7168
11262,1,1464452598,3507.1648
11263,1,1464452599,3506.4214
11264,1,1464452601,3505.8591
11265,1,1464452602,3505.2688
11266,1,1464452604,3505.991
11267,1,1464452605,3506.0244
11268,1,1464452607,3506.2217
11269,1,1464452608,3504.2583
11270,1,1464452609,3505.8726
11271,1,1464452611,3504.4917
11272,1,1464452612,3502.9858
11273,1,1464452614,3504.6714
11274,1,1464452615,3503.718
11275,1,1464452617,3503.2153
11276,1,1464452618,3504.5723
11277,1,1464452620,3503.214
11278,1,1464452621,3503.8845
11279,1,1464452623,3502.4106
11280,1,1464452624,3501.0784
11281,1,1464452625,3503.9019
11282,1,1464452627,3501.4692
11283,1,1464452628,3502.2258
11284,1,1464452630,3500.5088
11285,1,1464452631,3501.8384
11286,1,1464452633,3501.421
11287,1,1464452634,3500.9392
11288,1,1464452636,3501.2139
11289,1,1464452637,3500.794
11290,1,1464452639,3500.192
11291,1,1464452640,3499.956
11292,1,1464452642,3501.9636
11293,1,1464452643,3501.9192
11294,1,1464452644,3501.2295
11295,1,1464452646,3499.8486
11296,1,1464452647,3501.3303
11297,1,1464452649,3502.2405
11298,1,1464452650,3500.9546
11299,1,1464452652,3503.656
11300,1,1464452653,3501.7332
11301,1,1464452655,3502.3354
11302,1,1464452656,3502.1372
11303,1,1464452658,3503.217
11304,1,1464452659,3502.5066
11305,1,1464452660,3503.335
11306,1,1464452662,3502.6821
11307,1,1464452663,3503.3613
11308,1,1464452665,3503.9385
11309,1,1464452666,3503.924
11310,1,1464452668,3502.4172
11311,1,1464452669,3502.8113
11312,1,1464452671,3501.7122
11313,1,1464452672,3502.5586
11314,1,1464452674,3502.797
11315,1,1464452675,3503.3723
11316,1,1464452676,3503.5205
11317,1,1464452678,3502.038
11318,1,1464452679,3504.5051
11319,1,1464452681,3502.7466
11320,1,1464452682,3504.2708
11321,1,1464452684,3503.3464
11322,1,1464452685,3503.9727
11323,1,1464452687,3503.8994
11324,1,1464452688,3503.7168
11325,1,1464452690,3504.6196
11326,1,1464452691,3504.6333
11327,1,1464452693,3505.5247
11328,1,1464452694,3503.2168
11329,1,1464452695,3504.312
11330,1,1464452697,3503.5344
11331,1,1464452698,3503.337
11332,1,1464452700,3503.7017
11333,1,1464452701,3503.8066
11334,1,1464452703,3503.802
11335,1,1464452704,3503.899
11336,1,1464452706,3502.8237
11337,1,1464452707,3503.5654
11338,1,1464452709,3502.8823
11339,1,1464452710,3502.888
11340,1,1464452711,3503.1023
11341,1,1464452713,3502.9014
11342,1,1464452714,3503.0266
11343,1,1464452716,3502.711
11344,1,1464452717,3501.8464
11345,1,1464452719,3503.5032
11346,1,1464452720,3502.435
11347,1,1464452722,3504.2957
11348,1,1464452723,3503.0916
11349,1,1464452725,3502.446
11350,1,1464452726,3502.7634
11351,1,1464452727,3503.4263
11352,1,1464452729,3503.3584
11353,1,1464452730,3502.5408
11354,1,1464452732,3503.5115
11355,1,1464452733,3503.196
11356,1,1464452735,3502.1025
11357,1,1464452736,3501.5293
11358,1,1464452738,3503.4133
11359,1,1464452739,3502.808
11360,1,1464452741,3503.2651
11361,1,1464452742,3503.0498
11362,1,1464452744,3502.5354
11363,1,1464452745,3502.7944
11364,1,1464452746,3502.7095
11365,1,1464452748,3501.6365
11366,1,1464452749,3503.5413
11367,1,1464452751,3502.35
11368,1,1464452752,3501.872
11369,1,1464452754,3503.2683
11370,1,1464452755,3501.4475
11371,1,1464452757,3502.9019
11372,1,1464452758,3501.608
11373,1,1464452760,3502.9663
11374,1,1464452761,3502.1726
11375,1,1464452762,3503.6082
11376,1,1464452764,3502.1157
11377,1,1464452765,3501.2412
11378,1,1464452767,3502.4338
11379,1,1464452768,3500.721
11380,1,1464452770,3500.811
11381,1,1464452771,3502.497
11382,1,1464452773,3500.369
11383,1,1464452774,3503.029
11384,1,1464452776,3502.4717
11385,1,1464452777,3501.9312
11386,1,1464452779,3502.259
11387,1,1464452780,3500.801
11388,1,1464452782,3502.876
11389,1,1464452783,3502.9685
11390,1,1464452785,3503.3801
11391,1,1464452786,3502.9685
11392,1,1464452788,3502.7625
11393,1,1464452789,3502.399
11394,1,1464452790,3502.665
11395,1,1464452792,3504.392
11396,1,1464452793,3503.0767
11397,1,1464452795,3504.2288
11398,1,1464452796,3501.1812
11399,1,1464452798,3504.1013
11400,1,1464452799,3503.7817
11401,1,1464452801,3504.3833
11402,1,1464452802,3502.585
11403,1,1464452804,3502.978
11404,1,1464452805,3503.4849
11405,1,1464452807,3503.6355
11406,1,1464452808,3502.046
11407,1,1464452809,3502.908
11408,1,1464452811,3503.4678
11409,1,1464452812,3501.1448
11410,1,1464452814,3502.4114
11411,1,1464452815,3501.3843
11412,1,1464452817,3500.872
11413,1,1464452818,3502.3015
11414,1,1464452820,3501.6812
11415,1,1464452821,3502.392
11416,1,1464452823,3503.839
11417,1,1464452824,3502.3787
11418,1,1464452825,3502.0176
11419,1,1464452827,3502.3276
11420,1,1464452828,3502.2178
11421,1,1464452830,3501.799
11422,1,1464452831,3501.1472
11423,1,1464452833,3500.5066
11424,1,1464452834,3500.2004
11425,1,1464452836,3499.814
11426,1,1464452837,3500.6035
11427,1,1464452839,3500.4985
11428,1,1464452840,3500.8098
11429,1,1464452841,3499.9272
11430,1,1464452843,3499.7046
11431,1,1464452844,3500.1328
11432,1,1464452846,3499.8223
11433,1,1464452847,3500.317
11434,1,1464452849,3500.0017
11435,1,1464452850,3499.285
11436,1,1464452852,3499.5947
11437,1,1464452853,3499.3696
11438,1,1464452855,3500.3486
11439,1,1464452856,3498.934
11440,1,1464452858,3499.8484
11441,1,1464452859,3498.716
11442,1,1464452860,3500.6636
11443,1,1464452862,3499.6506
11444,1,1464452863,3497.5376
11445,1,1464452865,3498.0195
11446,1,1464452866,3497.9873
11447,1,1464452868,3500.0647
11448,1,1464452869,3498.8064
11449,1,1464452871,3498.3586
11450,1,1464452872,3498.513
11451,1,1464452874,3498.8296
11452,1,1464452875,3497.829
11453,1,1464452876,3499.192
11454,1,1464452878,3497.525
11455,1,1464452879,3497.8752
11456,1,1464452881,3500.118
11457,1,1464452882,3498.4216
11458,1,1464452884,3499.2444
11459,1,1464452885,3499.428
11460,1,1464452887,3498.5664
11461,1,1464452888,3499.4797
11462,1,1464452890,3498.3826
11463,1,1464452891,3497.9888
11464,1,1464452892,3499.1726
11465,1,1464452894,3496.8447
11466,1,1464452895,3499.4343
11467,1,1464452897,3497.9846
11468,1,1464452898,3499.1182
11469,1,1464452900,3497.586
11470,1,1464452901,3498.6472
11471,1,1464452903,3499.2363
11472,1,1464452904,3498.6277
11473,1,1464452906,3498.587
11474,1,1464452907,3500.884
11475,1,1464452909,3499.9353
11476,1,1464452910,3499.2554
11477,1,1464452911,3499.0913
11478,1,1464452913,3500.4275
11479,1,1464452914,3499.355
11480,1,1464452916,3499.94
11481,1,1464452917,3499.6873
11482,1,1464452919,3499.004
11483,1,1464452920,3499.76
11484,1,1464452922,3499.254
11485,1,1464452923,3500.974
11486,1,1464452925,3499.3232
11487,1,1464452926,3500.1926
11488,1,1464452927,3498.6587
11489,1,1464452929,3497.8071
11490,1,1464452930,3499.5044
11491,1,1464452932,3499.57
11492,1,1464452933,3498.857
11493,1,1464452935,3497.335
11494,1,1464452936,3498.358
11495,1,1464452938,3499.5312
11496,1,1464452939,3498.955
11497,1,1464452941,3498.4167
11498,1,1464452942,3497.282
11499,1,1464452943,3498.2012
11500,1,1464452945,3499.61
11501,1,1464452946,3499.7312
11502,1,1464452948,3498.9636
11503,1,1464452949,3496.8965
11504,1,1464452951,3497.4998
11505,1,1464452952,3498.3665
11506,1,1464452954,3495.8188
11507,1,1464452955,3498.2346
11508,1,1464452957,3494.9465
11509,1,1464452958,3492.8718
11510,1,1464452959,3496.7185
11511,1,1464452961,3498.4106
11512,1,1464452962,3495.1338
11513,1,1464452964,3490.8528
11514,1,1464452965,3494.796
11515,1,1464452967,3497.579
11516,1,1464452968,3495.5056
11517,1,1464452971,3495.7683
11518,1,1464452973,3497.3547
11519,1,1464452974,3497.6216
11520,1,1464452976,3494.2686
11521,1,1464452977,3497.2803
11522,1,1464452978,3495.7393
11523,1,1464452980,3497.9326
11524,1,1464452981,3495.1807
11525,1,1464452983,3497.125
11526,1,1464452984,3495.0828
11527,1,1464452986,3497.264
11528,1,1464452987,3497.0923
11529,1,1464452989,3496.2278
11530,1,1464452990,3494.5679
11531,1,1464452992,3496.061
11532,1,1464452993,3497.0732
11533,1,1464452994,3495.9817
11534,1,1464452996,3497.671
11535,1,1464452997,3496.4622
11536,1,1464452999,3497.0422
11537,1,1464453000,3496.5789
11538,1,1464453002,3495.71
11539,1,1464453003,3496.3694
11540,1,1464453005,3496.2163
11541,1,1464453006,3497.1035
11542,1,1464453008,3497.4158
11543,1,1464453009,3497.1917
11544,1,1464453010,3493.6897
11545,1,1464453012,3496.5732
11546,1,1464453013,3497.588
11547,1,1464453015,3496.4104
11548,1,1464453016,3496.7854
11549,1,1464453018,3496.4976
11550,1,1464453019,3496.5586
11551,1,1464453021,3497.523
11552,1,1464453022,3498.0505
11553,1,1464453024,3495.4167
11554,1,1464453025,3498.1033
11555,1,1464453027,3497.8694
11556,1,1464453028,3495.4873
11557,1,1464453029,3496.8792
11558,1,1464453031,3497.7144
11559,1,1464453032,3498.0977
11560,1,1464453034,3497.7004
11561,1,1464453035,3497.6377
11562,1,1464453037,3497.0647
11563,1,1464453038,3497.0427
11564,1,1464453040,3497.8765
11565,1,1464453041,3496.8696
11566,1,1464453043,3497.652
11567,1,1464453044,3496.9204
11568,1,1464453045,3496.1543
11569,1,1464453047,3497.1052
11570,1,1464453048,3495.783
11571,1,1464453050,3497.3196
11572,1,1464453051,3496.1294
11573,1,1464453053,3496.2837
11574,1,1464453054,3496.9026
11575,1,1464453056,3496.702
11576,1,1464453057,3497.1526
11577,1,1464453059,3497.0608
11578,1,1464453060,3496.026
11579,1,1464453061,3495.7783
11580,1,1464453063,3495.193
11581,1,1464453064,3495.483
11582,1,1464453066,3496.0642
11583,1,1464453067,3494.633
11584,1,1464453069,3494.977
11585,1,1464453070,3494.8066
11586,1,1464453072,3495.029
11587,1,1464453073,3495.8606
11588,1,1464453075,3494.4346
11589,1,1464453076,3495.3904
11590,1,1464453078,3494.5215
11591,1,1464453079,3495.2092
11592,1,1464453080,3495.5884
11593,1,1464453082,3495.7725
11594,1,1464453083,3495.3499
11595,1,1464453085,3494.4656
11596,1,1464453086,3494.497
11597,1,1464453088,3493.9119
11598,1,1464453089,3493.2104
11599,1,1464453091,3493.3157
11600,1,1464453092,3494.1968
11601,1,1464453094,3494.9514
11602,1,1464453095,3493.0427
11603,1,1464453096,3494.7175
11604,1,1464453098,3492.3245
11605,1,1464453099,3494.6033
11606,1,1464453101,3493.0771
11607,1,1464453102,3494.1333
11608,1,1464453104,3493.7876
11609,1,1464453105,3495.6912
11610,1,1464453107,3494.5723
11611,1,1464453108,3493.2898
11612,1,1464453110,3495.4001
11613,1,1464453111,3495.5544
11614,1,1464453112,3494.6836
11615,1,1464453114,3495.589
11616,1,1464453115,3496.081
11617,1,1464453117,3496.0015
11618,1,1464453118,3495.8638
11619,1,1464453120,3495.8357
11620,1,1464453121,3494.8718
11621,1,1464453123,3495.892
11622,1,1464453124,3495.112
11623,1,1464453126,3496.3074
11624,1,1464453127,3496.1016
11625,1,1464453129,3497.0676
11626,1,1464453130,3496.6572
11627,1,1464453131,3496.2258
11628,1,1464453133,3496.2559
11629,1,1464453134,3495.4355
11630,1,1464453136,3495.734
11631,1,1464453137,3493.967
11632,1,1464453139,3495.9136
11633,1,1464453140,3495.899
11634,1,1464453142,3494.28
11635,1,1464453143,3495.0715
11636,1,1464453145,3495.2693
11637,1,1464453146,3494.3208
11638,1,1464453147,3495.3015
11639,1,1464453149,3492.9375
11640,1,1464453150,3495.4783
11641,1,1464453152,3494.8196
11642,1,1464453153,3493.8232
11643,1,1464453155,3493.699
11644,1,1464453156,3494.006
11645,1,1464453158,3493.9531
11646,1,1464453159,3494.2327
11647,1,1464453161,3494.6038
11648,1,1464453162,3493.5667
11649,1,1464453163,3493.7993
11650,1,1464453165,3494.8633
11651,1,1464453166,3494.8577
11652,1,1464453168,3495.0295
11653,1,1464453169,3495.1716
11654,1,1464453171,3494.4553
11655,1,1464453172,3494.3604
11656,1,1464453174,3494.7683
11657,1,1464453175,3493.446
11658,1,1464453177,3494.0874
11659,1,1464453178,3493.9878
11660,1,1464453179,3493.3206
11661,1,1464453181,3493.5112
11662,1,1464453182,3492.9983
11663,1,1464453184,3493.761
11664,1,1464453185,3492.2983
11665,1,1464453187,3492.947
11666,1,1464453188,3493.6396
11667,1,1464453190,3491.956
11668,1,1464453191,3493.018
11669,1,1464453193,3491.7131
11670,1,1464453194,3491.4915
11671,1,1464453196,3491.9827
11672,1,1464453197,3492.787
11673,1,1464453198,3492.0488
11674,1,1464453200,3490.771
11675,1,1464453201,3491.8665
11676,1,1464453203,3491.5906
11677,1,1464453204,3491.0232
11678,1,1464453206,3492.9346
11679,1,1464453207,3490.74
11680,1,1464453209,3491.7466
11681,1,1464453210,3493.201
11682,1,1464453212,3492.5366
11683,1,1464453213,3491.7917
11684,1,1464453214,3490.8857
11685,1,1464453216,3490.1016
11686,1,1464453217,3491.6917
11687,1,1464453219,3492.1353
11688,1,1464453220,3491.3945
11689,1,1464453222,3492.3877
11690,1,1464453223,3492.2825
11691,1,1464453225,3491.3743
11692,1,1464453226,3492.8757
11693,1,1464453228,3491.2644
11694,1,1464453229,3491.2158
11695,1,1464453230,3490.7104
11696,1,1464453232,3490.2554
11697,1,1464453233,3492.7444
11698,1,1464453235,3492.931
11699,1,1464453236,3491.8179
11700,1,1464453238,3492.896
11701,1,1464453239,3491.1836
11702,1,1464453241,3492.9387
11703,1,1464453242,3493.6042
11704,1,1464453244,3492.0894
11705,1,1464453245,3491.5977
11706,1,1464453247,3492.0486
11707,1,1464453248,3491.3518
11708,1,1464453249,3492.1873
11709,1,1464453251,3492.6548
11710,1,1464453252,3492.7456
11711,1,1464453254,3493.3567
11712,1,1464453255,3494.9346
11713,1,1464453257,3493.5083
11714,1,1464453258,3493.1401
11715,1,1464453260,3493.302
11716,1,1464453261,3492.0527
11717,1,1464453263,3492.972
11718,1,1464453264,3492.2495
11719,1,1464453265,3493.1104
11720,1,1464453267,3492.4734
11721,1,1464453268,3491.3992
11722,1,1464453270,3492.9048
11723,1,1464453271,3492.066
11724,1,1464453273,3493.2764
11725,1,1464453274,3491.492
11726,1,1464453276,3492.0798
11727,1,1464453277,3492.5002
11728,1,1464453279,3491.1135
11729,1,1464453280,3490.6572
11730,1,1464453281,3490.4976
11731,1,1464453283,3492.008
11732,1,1464453284,3491.19
11733,1,1464453286,3491.6562
11734,1,1464453287,3490.3132
11735,1,1464453289,3489.8245
11736,1,1464453290,3490.4143
11737,1,1464453292,3491.0537
11738,1,1464453293,3491.1233
11739,1,1464453295,3490.8518
11740,1,1464453296,3492.0457
11741,1,1464453298,3492.203
11742,1,1464453299,3489.3948
11743,1,1464453300,3492.2156
11744,1,1464453302,3489.819
11745,1,1464453303,3490.506
11746,1,1464453305,3491.0706
11747,1,1464453306,3489.1638
11748,1,1464453308,3490.3296
11749,1,1464453309,3491.0286
11750,1,1464453311,3492.187
11751,1,1464453312,3490.231
11752,1,1464453314,3491.0444
11753,1,1464453315,3491.0164
11754,1,1464453316,3489.7605
11755,1,1464453318,3490.7285
11756,1,1464453319,3490.5483
11757,1,1464453321,3490.3274
11758,1,1464453322,3489.7266
11759,1,1464453324,3491.416
11760,1,1464453325,3490.2546
11761,1,1464453327,3491.197
11762,1,1464453328,3490.978
11763,1,1464453330,3489.806
11764,1,1464453331,3490.4438
11765,1,1464453332,3490.7927
11766,1,1464453334,3490.6787
11767,1,1464453335,3489.6975
11768,1,1464453337,3489.8035
11769,1,1464453338,3491.5864
11770,1,1464453340,3489.5024
11771,1,1464453341,3490.5522
11772,1,1464453343,3490.3477
11773,1,1464453344,3490.7375
11774,1,1464453346,3490.2986
11775,1,1464453347,3490.5747
11776,1,1464453349,3489.2913
11777,1,1464453350,3491.2424
11778,1,1464453351,3489.714
11779,1,1464453353,3489.7673
11780,1,1464453354,3491.1433
11781,1,1464453356,3491.551
11782,1,1464453357,3491.3125
11783,1,1464453359,3490.5352
11784,1,1464453362,3491.9211
11785,1,1464453363,3490.5146
11786,1,1464453365,3490.4358
11787,1,1464453366,3489.9858
11788,1,1464453367,3490.6394
11789,1,1464453369,3490.8022
11790,1,1464453370,3490.65
11791,1,1464453372,3490.8198
11792,1,1464453373,3491.284
11793,1,1464453375,3491.6382
11794,1,1464453376,3492.826
11795,1,1464453378,3490.9282
11796,1,1464453379,3492.187
11797,1,1464453381,3490.956
11798,1,1464453382,3491.9868
11799,1,1464453383,3491.4294
11800,1,1464453385,3490.5608
11801,1,1464453386,3490.455
11802,1,1464453388,3491.025
11803,1,1464453389,3490.4482
11804,1,1464453391,3490.412
11805,1,1464453392,3491.0508
11806,1,1464453394,3491.0552
11807,1,1464453395,3489.7236
11808,1,1464453397,3490.1125
11809,1,1464453398,3488.656
11810,1,1464453399,3489.9219
11811,1,1464453401,3490.97
11812,1,1464453402,3489.872
11813,1,1464453404,3489.8406
11814,1,1464453405,3490.457
11815,1,1464453407,3489.1255
11816,1,1464453408,3488.3232
11817,1,1464453410,3489.9517
11818,1,1464453411,3488.7153
11819,1,1464453413,3488.8682
11820,1,1464453414,3487.9692
11821,1,1464453416,3488.6797
11822,1,1464453417,3489.222
11823,1,1464453418,3489.5234
11824,1,1464453420,3488.3992
11825,1,1464453421,3487.5144
11826,1,1464453423,3489.8962
11827,1,1464453424,3487.464
11828,1,1464453426,3488.007
11829,1,1464453427,3487.8066
11830,1,1464453429,3489.005
11831,1,1464453430,3489.962
11832,1,1464453432,3488.102
11833,1,1464453433,3490.1367
11834,1,1464453434,3489.1562
11835,1,1464453436,3489.635
11836,1,1464453437,3489.8767
11837,1,1464453439,3490.3884
11838,1,1464453440,3489.4255
11839,1,1464453442,3489.5334
11840,1,1464453443,3490.3538
11841,1,1464453445,3490.3335
11842,1,1464453446,3489.4268
11843,1,1464453448,3489.047
11844,1,1464453449,3489.6855
11845,1,1464453450,3490.9292
11846,1,1464453452,3490.5315
11847,1,1464453453,3491.483
11848,1,1464453455,3489.4668
11849,1,1464453456,3488.1792
11850,1,1464453458,3487.9333
11851,1,1464453459,3487.9841
11852,1,1464453461,3489.7798
11853,1,1464453462,3488.4573
11854,1,1464453464,3490.121
11855,1,1464453465,3487.7117
11856,1,1464453467,3488.7627
11857,1,1464453468,3488.6748
11858,1,1464453469,3489.1301
11859,1,1464453471,3487.928
11860,1,1464453472,3488.0884
11861,1,1464453474,3488.715
11862,1,1464453475,3487.5232
11863,1,1464453477,3488.2605
11864,1,1464453478,3489.2302
11865,1,1464453480,3487.861
11866,1,1464453481,3487.7969
11867,1,1464453483,3486.7646
11868,1,1464453484,3487.349
11869,1,1464453485,3488.4138
11870,1,1464453487,3489.0222
11871,1,1464453488,3489.167
11872,1,1464453490,3488.4263
11873,1,1464453491,3488.4048
11874,1,1464453493,3488.8147
11875,1,1464453494,3488.655
11876,1,1464453496,3488.0771
11877,1,1464453497,3489.702
11878,1,1464453499,3490.0193
11879,1,1464453500,3488.3816
11880,1,1464453501,3487.459
11881,1,1464453503,3488.687
11882,1,1464453504,3487.419
11883,1,1464453506,3489.3665
11884,1,1464453507,3487.1917
11885,1,1464453509,3488.6108
11886,1,1464453510,3488.3137
11887,1,1464453512,3487.244
11888,1,1464453513,3488.0977
11889,1,1464453515,3487.9463
11890,1,1464453516,3487.0415
11891,1,1464453518,3488.565
11892,1,1464453519,3487.8752
11893,1,1464453520,3488.161
11894,1,1464453522,3487.3425
11895,1,1464453523,3486.9885
11896,1,1464453525,3487.5205
11897,1,1464453526,3486.039
11898,1,1464453528,3486.8706
11899,1,1464453529,3487.2917
11900,1,1464453531,3487.0583
11901,1,1464453532,3485.9827
11902,1,1464453534,3486.2124
11903,1,1464453535,3486.1836
11904,1,1464453536,3485.0227
11905,1,1464453538,3486.2864
11906,1,1464453539,3486.4355
11907,1,1464453541,3486.8948
11908,1,1464453542,3486.4197
11909,1,1464453544,3486.7678
11910,1,1464453545,3486.9502
11911,1,1464453547,3486.2097
11912,1,1464453548,3487.5632
11913,1,1464453550,3486.688
11914,1,1464453551,3484.7954
11915,1,1464453552,3486.011
11916,1,1464453554,3486.3086
11917,1,1464453555,3483.7434
11918,1,1464453557,3485.7334
11919,1,1464453558,3483.995
11920,1,1464453560,3485.405
11921,1,1464453561,3486.6694
11922,1,1464453563,3485.5398
11923,1,1464453564,3486.9995
11924,1,1464453566,3486.97
11925,1,1464453567,3485.2217
11926,1,1464453569,3484.9314
11927,1,1464453570,3484.3635
11928,1,1464453571,3485.6511
11929,1,1464453573,3485.4146
11930,1,1464453574,3485.2566
11931,1,1464453576,3485.7612
11932,1,1464453577,3483.9429
11933,1,1464453579,3483.8572
11934,1,1464453580,3484.993
11935,1,1464453582,3483.998
11936,1,1464453583,3485.305
11937,1,1464453585,3484.1086
11938,1,1464453586,3483.7783
11939,1,1464453587,3484.452
11940,1,1464453589,3483.945
11941,1,1464453590,3484.51
11942,1,1464453592,3483.539
11943,1,1464453593,3485.3064
11944,1,1464453595,3482.0715
11945,1,1464453596,3483.9556
11946,1,1464453598,3482.5303
11947,1,1464453599,3485.2256
11948,1,1464453601,3483.642
11949,1,1464453602,3481.4302
11950,1,1464453603,3483.3726
11951,1,1464453605,3482.4346
11952,1,1464453606,3482.6687
11953,1,1464453608,3482.5874
11954,1,1464453609,3482.451
11955,1,1464453611,3483.0388
11956,1,1464453612,3482.64
11957,1,1464453614,3484.756
11958,1,1464453615,3483.2068
11959,1,1464453617,3482.7507
11960,1,1464453618,3482.2947
11961,1,1464453619,3483.1301
11962,1,1464453621,3483.9739
11963,1,1464453622,3482.6113
11964,1,1464453624,3481.8254
11965,1,1464453625,3482.858
11966,1,1464453627,3481.9585
11967,1,1464453628,3482.29
11968,1,1464453630,3483.858
11969,1,1464453631,3481.9355
11970,1,1464453633,3481.584
11971,1,1464453634,3481.4124
11972,1,1464453636,3481.4983
11973,1,1464453637,3482.997
11974,1,1464453638,3483.0913
11975,1,1464453640,3481.4587
11976,1,1464453641,3482.3462
11977,1,1464453643,3481.9346
11978,1,1464453644,3482.0032
11979,1,1464453646,3482.0886
11980,1,1464453647,3481.255
11981,1,1464453649,3481.5364
11982,1,1464453650,3482.5247
11983,1,1464453652,3481.3936
11984,1,1464453653,3481.6287
11985,1,1464453654,3482.1704
11986,1,1464453656,3482.8247
11987,1,1464453657,3482.65
11988,1,1464453659,3484.0637
11989,1,1464453660,3481.896
11990,1,1464453662,3482.7856
11991,1,1464453663,3483.4443
11992,1,1464453665,3482.7075
11993,1,1464453666,3482.0781
11994,1,1464453668,3482.312
11995,1,1464453669,3482.0378
11996,1,1464453670,3480.7336
11997,1,1464453672,3481.4502
11998,1,1464453673,3483.3667
11999,1,1464453675,3482.223
12000,1,1464453676,3481.4617
12001,1,1464453678,3482.0183
12002,1,1464453679,3481.188
12003,1,1464453681,3483.2847
12004,1,1464453682,3482.753
12005,1,1464453684,3482.4556
12006,1,1464453685,3482.4683
12007,1,1464453687,3483.7244
12008,1,1464453688,3482.5417
12009,1,1464453689,3482.7053
12010,1,1464453691,3482.3372
12011,1,1464453692,3483.282
12012,1,1464453694,3482.3171
12013,1,1464453695,3482.1638
12014,1,1464453697,3482.2573
12015,1,1464453698,3482.5251
12016,1,1464453700,3481.1763
12017,1,1464453701,3481.8254
12018,1,1464453703,3481.9902
12019,1,1464453704,3481.182
12020,1,1464453705,3480.9155
12021,1,1464453707,3481.8257
12022,1,1464453708,3479.9639
12023,1,1464453710,3481.9727
12024,1,1464453711,3481.5427
12025,1,1464453713,3481.5388
12026,1,1464453714,3481.6858
12027,1,1464453716,3481.7905
12028,1,1464453717,3481.6084
12029,1,1464453719,3482.4233
12030,1,1464453720,3480.8083
12031,1,1464453721,3480.4495
12032,1,1464453723,3479.8499
12033,1,1464453724,3479.6401
12034,1,1464453726,3480.744
12035,1,1464453727,3481.1182
12036,1,1464453729,3479.6956
12037,1,1464453730,3481.9397
12038,1,1464453732,3480.0886
12039,1,1464453733,3481.1443
12040,1,1464453735,3479.577
12041,1,1464453736,3479.6309
12042,1,1464453738,3478.7388
12043,1,1464453739,3479.633
12044,1,1464453740,3479.131
12045,1,1464453742,3479.118
12046,1,1464453743,3477.6746
12047,1,1464453745,3478.1
12048,1,1464453746,3477.432
12049,1,1464453748,3477.7876
12050,1,1464453749,3478.9915
12051,1,1464453751,3478.3984
12052,1,1464453752,3477.375
12053,1,1464453754,3479.734
12054,1,1464453755,3478.5
12055,1,1464453756,3478.0696
12056,1,1464453758,3477.9338
12057,1,1464453759,3478.5735
12058,1,1464453761,3477.2964
12059,1,1464453762,3479.041
12060,1,1464453764,3475.913
12061,1,1464453765,3477.192
12062,1,1464453767,3476.3022
12063,1,1464453768,3475.442
12064,1,1464453770,3476.8518
12065,1,1464453771,3475.3696
12066,1,1464453772,3477.5825
12067,1,1464453774,3476.8997
12068,1,1464453775,3473.7812
12069,1,1464453777,3476.1946
12070,1,1464453778,3476.9326
12071,1,1464453780,3475.818
12072,1,1464453781,3477.1956
12073,1,1464453783,3477.2139
12074,1,1464453784,3476.1396
12075,1,1464453786,3475.4177
12076,1,1464453787,3476.3494
12077,1,1464453789,3476.4473
12078,1,1464453790,3476.9065
12079,1,1464453791,3473.9626
12080,1,1464453793,3478.2224
12081,1,1464453794,3475.7734
12082,1,1464453796,3476.414
12083,1,1464453797,3476.328
12084,1,1464453799,3477.4253
12085,1,1464453800,3476.1284
12086,1,1464453802,3479.0225
12087,1,1464453803,3478.7356
12088,1,1464453805,3476.8652
12089,1,1464453806,3476.2063
12090,1,1464453807,3476.646
12091,1,1464453809,3475.4863
12092,1,1464453810,3478.1404
12093,1,1464453812,3477.9233
12094,1,1464453813,3478.678
12095,1,1464453815,3476.614
12096,1,1464453816,3477.7493
12097,1,1464453818,3478.1807
12098,1,1464453819,3474.217
12099,1,1464453821,3474.7258
12100,1,1464453822,3474.1013
12101,1,1464453823,3475.8508
12102,1,1464453825,3475.339
12103,1,1464453826,3475.1785
12104,1,1464453828,3477.1135
12105,1,1464453829,3475.3906
12106,1,1464453831,3474.3796
12107,1,1464453832,3474.9749
12108,1,1464453834,3472.995
12109,1,1464453835,3474.1284
12110,1,1464453837,3471.9585
12111,1,1464453838,3472.0361
12112,1,1464453839,3473.1726
12113,1,1464453841,3470.453
12114,1,1464453842,3472.5867
12115,1,1464453844,3472.7998
12116,1,1464453845,3472.2456
12117,1,1464453847,3472.0027
12118,1,1464453848,3471.8442
12119,1,1464453850,3470.7231
12120,1,1464453851,3471.3364
12121,1,1464453853,3472.817
12122,1,1464453854,3473.0203
12123,1,1464453856,3470.09
12124,1,1464453857,3470.8823
12125,1,1464453858,3472.2043
12126,1,1464453860,3472.7231
12127,1,1464453861,3474.2744
12128,1,1464453863,3472.2217
12129,1,1464453864,3471.193
12130,1,1464453866,3471.9817
12131,1,1464453867,3469.9753
12132,1,1464453869,3471.0872
12133,1,1464453870,3468.9165
12134,1,1464453872,3470.9023
12135,1,1464453873,3470.2646
12136,1,1464453874,3470.0244
12137,1,1464453876,3468.1643
12138,1,1464453877,3470.8826
12139,1,1464453879,3470.9177
12140,1,1464453880,3469.545
12141,1,1464453882,3468.917
12142,1,1464453883,3468.3616
12143,1,1464453885,3468.8489
12144,1,1464453886,3469.4573
12145,1,1464453888,3469.0903
12146,1,1464453889,3471.9658
12147,1,1464453890,3470.3538
12148,1,1464453892,3469.8125
12149,1,1464453893,3470.5413
12150,1,1464453895,3468.8232
12151,1,1464453896,3470.7004
12152,1,1464453898,3468.2544
12153,1,1464453899,3469.377
12154,1,1464453901,3471.0808
12155,1,1464453902,3469.322
12156,1,1464453904,3470.2566
12157,1,1464453905,3469.3328
12158,1,1464453907,3470.4678
12159,1,1464453908,3469.1218
12160,1,1464453909,3470.1902
12161,1,1464453911,3468.752
12162,1,1464453912,3469.7114
12163,1,1464453914,3468.8499
12164,1,1464453915,3471.4329
12165,1,1464453917,3470.2166
12166,1,1464453918,3468.7095
12167,1,1464453920,3471.451
12168,1,1464453921,3469.4885
12169,1,1464453923,3469.5862
12170,1,1464453924,3471.0718
12171,1,1464453925,3470.4888
12172,1,1464453927,3469.5735
12173,1,1464453928,3469.202
12174,1,1464453930,3469.0527
12175,1,1464453931,3468.8552
12176,1,1464453933,3470.0608
12177,1,1464453934,3470.2368
12178,1,1464453936,3467.609
12179,1,1464453937,3468.0977
12180,1,1464453939,3469.081
12181,1,1464453940,3468.58
12182,1,1464453941,3467.5994
12183,1,1464453943,3468.187
12184,1,1464453944,3466.5303
12185,1,1464453946,3465.509
12186,1,1464453947,3467.448
12187,1,1464453949,3467.8604
12188,1,1464453950,3469.4658
12189,1,1464453952,3468.7615
12190,1,1464453953,3468.6802
12191,1,1464453955,3468.5088
12192,1,1464453956,3468.8962
12193,1,1464453958,3469.6536
12194,1,1464453959,3469.959
12195,1,1464453960,3467.504
12196,1,1464453962,3469.5894
12197,1,1464453963,3468.0317
12198,1,1464453965,3468.5427
12199,1,1464453966,3470.646
12200,1,1464453968,3468.0361
12201,1,1464453969,3469.975
12202,1,1464453971,3468.6917
12203,1,1464453972,3468.3142
12204,1,1464453974,3467.5127
12205,1,1464453975,3468.16
12206,1,1464453976,3468.9514
12207,1,1464453978,3466.5767
12208,1,1464453979,3466.5764
12209,1,1464453981,3467.5413
12210,1,1464453982,3469.4482
12211,1,1464453984,3467.2114
12212,1,1464453985,3468.103
12213,1,1464453987,3465.3635
12214,1,1464453988,3467.8674
12215,1,1464453990,3468.3357
12216,1,1464453991,3466.4312
12217,1,1464453992,3464.6646
12218,1,1464453994,3468.1404
12219,1,1464453995,3465.2893
12220,1,1464453997,3465.9214
12221,1,1464453998,3466.4658
12222,1,1464454000,3466.561
12223,1,1464454001,3466.4653
12224,1,1464454003,3466.4524
12225,1,1464454004,3466.8184
12226,1,1464454006,3466.3984
12227,1,1464454007,3464.7454
12228,1,1464454009,3465.73
12229,1,1464454010,3465.3389
12230,1,1464454011,3465.48
12231,1,1464454013,3466.0547
12232,1,1464454014,3465.393
12233,1,1464454016,3465.086
12234,1,1464454017,3464.863
12235,1,1464454019,3463.9617
12236,1,1464454020,3463.8774
12237,1,1464454022,3465.2224
12238,1,1464454023,3463.9827
12239,1,1464454025,3466.063
12240,1,1464454026,3465.117
12241,1,1464454027,3465.015
12242,1,1464454029,3464.43
12243,1,1464454030,3465.4407
12244,1,1464454032,3463.6384
12245,1,1464454033,3466.0222
12246,1,1464454035,3465.914
12247,1,1464454036,3466.3682
12248,1,1464454038,3466.2952
12249,1,1464454039,3465.6562
12250,1,1464454041,3466.7537
12251,1,1464454042,3467.278
12252,1,1464454043,3468.2666
12253,1,1464454045,3465.3184
12254,1,1464454046,3466.1409
12255,1,1464454048,3464.264
12256,1,1464454049,3464.5483
12257,1,1464454051,3465.7097
12258,1,1464454052,3464.9343
12259,1,1464454054,3465.052
12260,1,1464454055,3465.9102
12261,1,1464454057,3464.5347
12262,1,1464454058,3463.424
12263,1,1464454060,3463.8909
12264,1,1464454061,3464.1167
12265,1,1464454062,3463.318
12266,1,1464454064,3461.0984
12267,1,1464454065,3461.3745
12268,1,1464454067,3461.0022
12269,1,1464454068,3460.284
12270,1,1464454070,3460.7805
12271,1,1464454071,3461.5374
12272,1,1464454073,3461.2837
12273,1,1464454074,3461.906
12274,1,1464454076,3461.801
12275,1,1464454077,3461.539
12276,1,1464454078,3463.471
12277,1,1464454080,3462.5715
12278,1,1464454081,3462.621
12279,1,1464454083,3461.046
12280,1,1464454084,3461.9146
12281,1,1464454086,3459.8079
12282,1,1464454087,3462.5266
12283,1,1464454089,3462.0972
12284,1,1464454090,3460.922
12285,1,1464454092,3462.6316
12286,1,1464454093,3463.912
12287,1,1464454094,3462.0293
12288,1,1464454096,3461.077
12289,1,1464454097,3459.5823
12290,1,1464454099,3462.1843
12291,1,1464454100,3461.641
12292,1,1464454102,3462.9792
12293,1,1464454103,3461.6047
12294,1,1464454105,3461.5825
12295,1,1464454106,3463.7542
12296,1,1464454108,3461.8403
12297,1,1464454109,3463.7756
12298,1,1464454110,3463.062
12299,1,1464454112,3461.8628
12300,1,1464454113,3463.2837
12301,1,1464454115,3463.104
12302,1,1464454116,3463.0298
12303,1,1464454118,3462.2815
12304,1,1464454119,3463.3005
12305,1,1464454121,3463.1665
12306,1,1464454122,3464.6687
12307,1,1464454124,3462.3052
12308,1,1464454125,3463.1843
12309,1,1464454127,3462.433
12310,1,1464454128,3461.1382
12311,1,1464454129,3460.9211
12312,1,1464454131,3461.7954
12313,1,1464454132,3461.2139
12314,1,1464454134,3461.6812
12315,1,1464454135,3460.0796
12316,1,1464454137,3461.2415
12317,1,1464454138,3461.2434
12318,1,1464454140,3461.3315
12319,1,1464454141,3461.208
12320,1,1464454143,3461.3503
12321,1,1464454144,3460.0183
12322,1,1464454145,3460.1196
12323,1,1464454147,3461.101
12324,1,1464454148,3460.463
12325,1,1464454150,3461.037
12326,1,1464454151,3460.8123
12327,1,1464454153,3459.8225
12328,1,1464454154,3461.6562
12329,1,1464454156,3461.2012
12330,1,1464454157,3461.3748
12331,1,1464454159,3459.2769
12332,1,1464454160,3460.5317
12333,1,1464454161,3460.8723
12334,1,1464454163,3459.868
12335,1,1464454164,3460.1272
12336,1,1464454166,3461.1094
12337,1,1464454167,3459.9067
12338,1,1464454169,3459.9526
12339,1,1464454170,3460.711
12340,1,1464454172,3460.4
12341,1,1464454173,3461.232
12342,1,1464454175,3459.9868
12343,1,1464454176,3460.0195
12344,1,1464454178,3461.1655
12345,1,1464454179,3460.6846
12346,1,1464454180,3459.7402
12347,1,1464454182,3459.8643
12348,1,1464454183,3459.792
12349,1,1464454185,3459.2122
12350,1,1464454186,3460.3928
12351,1,1464454188,3460.8752
12352,1,1464454189,3459.346
12353,1,1464454191,3459.6758
12354,1,1464454192,3458.9814
12355,1,1464454194,3458.3882
12356,1,1464454195,3458.6204
12357,1,1464454196,3458.8179
12358,1,1464454198,3459.6443
12359,1,1464454199,3458.8228
12360,1,1464454201,3460.4993
12361,1,1464454202,3459.263
12362,1,1464454204,3460.8186
12363,1,1464454205,3460.5232
12364,1,1464454207,3459.4802
12365,1,1464454208,3459.8835
12366,1,1464454210,3459.343
12367,1,1464454211,3458.754
12368,1,1464454212,3458.891
12369,1,1464454214,3457.7983
12370,1,1464454215,3458.5906
12371,1,1464454217,3459.1763
12372,1,1464454218,3458.1533
12373,1,1464454220,3458.1829
12374,1,1464454221,3459.3342
12375,1,1464454223,3458.6804
12376,1,1464454224,3458.4092
12377,1,1464454226,3459.554
12378,1,1464454227,3458.448
12379,1,1464454229,3457.457
12380,1,1464454230,3458.376
12381,1,1464454231,3457.623
12382,1,1464454233,3459.5134
12383,1,1464454234,3458.0146
12384,1,1464454236,3458.8694
12385,1,1464454237,3459.6482
12386,1,1464454239,3458.0132
12387,1,1464454240,3460.0786
12388,1,1464454242,3458.744
12389,1,1464454243,3458.5334
12390,1,1464454245,3458.1965
12391,1,1464454246,3460.362
12392,1,1464454247,3459.7036
12393,1,1464454249,3459.2341
12394,1,1464454250,3459.1208
12395,1,1464454252,3458.86
12396,1,1464454253,3458.3933
12397,1,1464454255,3459.1458
12398,1,1464454256,3458.786
12399,1,1464454258,3458.1465
12400,1,1464454259,3458.262
12401,1,1464454261,3457.8845
12402,1,1464454262,3458.1123
12403,1,1464454263,3459.3298
12404,1,1464454265,3458.8823
12405,1,1464454266,3460.293
12406,1,1464454268,3457.9631
12407,1,1464454269,3459.2358
12408,1,1464454271,3460.3147
12409,1,1464454272,3458.76
12410,1,1464454274,3460.2485
12411,1,1464454275,3460.2292
12412,1,1464454277,3458.186
12413,1,1464454278,3458.3093
12414,1,1464454280,3457.8064
12415,1,1464454281,3458.141
12416,1,1464454282,3458.9897
12417,1,1464454284,3456.5527
12418,1,1464454285,3458.8347
12419,1,1464454287,3458.6035
12420,1,1464454288,3459.0706
12421,1,1464454290,3456.962
12422,1,1464454291,3457.7485
12423,1,1464454293,3459.5867
12424,1,1464454294,3458.2078
12425,1,1464454296,3456.429
12426,1,1464454297,3457.549
12427,1,1464454298,3455.4846
12428,1,1464454300,3455.4995
12429,1,1464454301,3456.159
12430,1,1464454303,3455.6245
12431,1,1464454304,3455.3765
12432,1,1464454306,3455.026
12433,1,1464454307,3457.4988
12434,1,1464454309,3456.8652
12435,1,1464454310,3457.2332
12436,1,1464454312,3457.453
12437,1,1464454313,3454.801
12438,1,1464454314,3453.776
12439,1,1464454316,3457.0298
12440,1,1464454317,3454.5642
12441,1,1464454319,3454.6162
12442,1,1464454320,3454.174
12443,1,1464454322,3454.838
12444,1,1464454323,3456.8733
12445,1,1464454325,3454.5703
12446,1,1464454326,3456.1692
12447,1,1464454328,3454.2522
12448,1,1464454329,3455.2358
12449,1,1464454330,3454.5576
12450,1,1464454332,3455.6633
12451,1,1464454333,3455.9573
12452,1,1464454335,3455.3096
12453,1,1464454336,3453.4966
12454,1,1464454338,3454.6716
12455,1,1464454339,3452.9893
12456,1,1464454341,3452.9785
12457,1,1464454342,3455.8796
12458,1,1464454344,3455.6035
12459,1,1464454345,3454.1165
12460,1,1464454347,3454.2124
12461,1,1464454348,3453.5112
12462,1,1464454349,3456.4324
12463,1,1464454351,3453.0088
12464,1,1464454352,3454.4893
12465,1,1464454354,3455.22
12466,1,1464454355,3455.658
12467,1,1464454357,3455.491
12468,1,1464454358,3456.9539
12469,1,1464454360,3454.7988
12470,1,1464454361,3456.385
12471,1,1464454363,3453.617
12472,1,1464454364,3454.1982
12473,1,1464454365,3453.0793
12474,1,1464454367,3453.8855
12475,1,1464454368,3454.3782
12476,1,1464454370,3452.9282
12477,1,1464454371,3454.5874
12478,1,1464454373,3453.6646
12479,1,1464454374,3454.0127
12480,1,1464454376,3452.6719
12481,1,1464454377,3452.4907
12482,1,1464454379,3454.82
12483,1,1464454380,3454.411
12484,1,1464454381,3452.4385
12485,1,1464454383,3454.7744
12486,1,1464454384,3454.073
12487,1,1464454386,3454.05
12488,1,1464454387,3455.409
12489,1,1464454389,3456.0322
12490,1,1464454390,3454.7605
12491,1,1464454392,3455.2815
12492,1,1464454393,3455.8386
12493,1,1464454395,3455.7417
12494,1,1464454396,3455.275
12495,1,1464454398,3455.9036
12496,1,1464454399,3455.5222
12497,1,1464454400,3454.138
12498,1,1464454402,3454.7642
12499,1,1464454403,3455.212
12500,1,1464454405,3454.5205
12501,1,1464454406,3454.7053
12502,1,1464454408,3455.057
12503,1,1464454409,3451.869
12504,1,1464454411,3453.1353
12505,1,1464454412,3454.7578
12506,1,1464454414,3454.7493
12507,1,1464454415,3453.0571
12508,1,1464454416,3452.031
12509,1,1464454418,3452.638
12510,1,1464454419,3452.4333
12511,1,1464454421,3451.3728
12512,1,1464454422,3451.9055
12513,1,1464454424,3454.324
12514,1,1464454425,3452.558
12515,1,1464454427,3453.9194
12516,1,1464454428,3453.4265
12517,1,1464454430,3452.6042
12518,1,1464454431,3452.9263
12519,1,1464454432,3453.4346
12520,1,1464454434,3453.916
12521,1,1464454435,3453.0188
12522,1,1464454437,3452.9941
12523,1,1464454438,3452.315
12524,1,1464454440,3451.1367
12525,1,1464454441,3452.2986
12526,1,1464454443,3452.844
12527,1,1464454444,3450.901
12528,1,1464454446,3451.2773
12529,1,1464454447,3451.836
12530,1,1464454449,3450.7473
12531,1,1464454450,3451.3726
12532,1,1464454451,3452.6526
12533,1,1464454453,3450.2222
12534,1,1464454454,3451.8987
12535,1,1464454456,3451.1387
12536,1,1464454457,3450.0774
12537,1,1464454459,3452.425
12538,1,1464454460,3451.2092
12539,1,1464454462,3451.5193
12540,1,1464454463,3451.322
12541,1,1464454465,3450.6558
12542,1,1464454466,3451.5557
12543,1,1464454467,3451.9395
12544,1,1464454469,3452.1394
12545,1,1464454470,3453.392
12546,1,1464454472,3453.9128
12547,1,1464454473,3454.412
12548,1,1464454475,3453.6917
12549,1,1464454476,3452.7366
12550,1,1464454478,3453.3274
12551,1,1464454479,3453.2607
12552,1,1464454481,3453.7778
12553,1,1464454482,3454.251
12554,1,1464454483,3454.3381
12555,1,1464454485,3453.4302
12556,1,1464454486,3455.0193
12557,1,1464454488,3455.0396
12558,1,1464454489,3454.23
12559,1,1464454491,3453.1633
12560,1,1464454492,3453.7734
12561,1,1464454494,3454.5066
12562,1,1464454495,3454.9067
12563,1,1464454497,3453.559
12564,1,1464454498,3453.734
12565,1,1464454500,3451.692
12566,1,1464454501,3453.8901
12567,1,1464454502,3453.5496
12568,1,1464454504,3453.5715
12569,1,1464454505,3455.3948
12570,1,1464454507,3454.0305
12571,1,1464454508,3451.5967
12572,1,1464454510,3453.3965
12573,1,1464454511,3453.5906
12574,1,1464454513,3454.3003
12575,1,1464454514,3453.485
12576,1,1464454516,3452.7615
12577,1,1464454517,3452.8801
12578,1,1464454518,3452.6187
12579,1,1464454520,3452.9968
12580,1,1464454521,3453.2107
12581,1,1464454523,3452.701
12582,1,1464454524,3452.7207
12583,1,1464454526,3451.6138
12584,1,1464454527,3451.6213
12585,1,1464454529,3450.7231
12586,1,1464454530,3451.7983
12587,1,1464454532,3449.7983
12588,1,1464454533,3450.9287
12589,1,1464454534,3450.8088
12590,1,1464454536,3449.1675
12591,1,1464454537,3451.9983
12592,1,1464454539,3450.334
12593,1,1464454540,3451.618
12594,1,1464454542,3452.4138
12595,1,1464454543,3451.858
12596,1,1464454545,3451.7148
12597,1,1464454546,3452.4236
12598,1,1464454548,3452.0674
12599,1,1464454549,3452.3022
12600,1,1464454550,3451.6277
12601,1,1464454552,3450.4226
12602,1,1464454553,3452.6514
12603,1,1464454555,3451.1106
12604,1,1464454556,3449.8782
12605,1,1464454558,3451.8975
12606,1,1464454559,3451.3643
12607,1,1464454561,3450.766
12608,1,1464454564,3451.755
12609,1,1464454567,3451.745
12610,1,1464454568,3450.8218
12611,1,1464454573,3451.1511
12612,1,1464454574,3452.918
12613,1,1464454575,3454.4714
12614,1,1464454577,3451.645
12615,1,1464454578,3452.0056
12616,1,1464454580,3450.7725
12617,1,1464454581,3451.996
12618,1,1464454583,3451.9043
12619,1,1464454584,3450.954
12620,1,1464454585,3451.8013
12621,1,1464454587,3452.3762
12622,1,1464454588,3451.504
12623,1,1464454590,3453.0132
12624,1,1464454591,3451.6616
12625,1,1464454593,3451.0657
12626,1,1464454594,3451.5217
12627,1,1464454596,3451.464
12628,1,1464454597,3452.376
12629,1,1464454599,3452.978
12630,1,1464454600,3452.498
12631,1,1464454601,3452.9731
12632,1,1464454603,3452.1892
12633,1,1464454604,3451.2805
12634,1,1464454606,3450.1233
12635,1,1464454607,3451.2368
12636,1,1464454609,3452.4578
12637,1,1464454610,3451.3672
12638,1,1464454612,3451.9507
12639,1,1464454613,3453.31
12640,1,1464454615,3451.6492
12641,1,1464454616,3449.3708
12642,1,1464454618,3453.375
12643,1,1464454619,3451.0095
12644,1,1464454620,3450.8677
12645,1,1464454622,3451.8208
12646,1,1464454623,3451.234
12647,1,1464454625,3451.3625
12648,1,1464454626,3452.0684
12649,1,1464454628,3451.707
12650,1,1464454629,3452.7256
12651,1,1464454631,3450.5662
12652,1,1464454632,3449.8042
12653,1,1464454634,3451.4778
12654,1,1464454635,3449.5254
12655,1,1464454636,3450.7324
12656,1,1464454638,3449.9556
12657,1,1464454639,3450.7065
12658,1,1464454641,3449.4573
12659,1,1464454642,3450.6067
12660,1,1464454644,3450.2822
12661,1,1464454645,3449.8438
12662,1,1464454647,3448.8765
12663,1,1464454648,3450.2854
12664,1,1464454650,3449.5725
12665,1,1464454651,3452.8794
12666,1,1464454652,3449.9822
12667,1,1464454654,3450.8286
12668,1,1464454655,3450.4197
12669,1,1464454657,3449.5015
12670,1,1464454658,3449.76
12671,1,1464454660,3449.3977
12672,1,1464454661,3451.1592
12673,1,1464454663,3450.6301
12674,1,1464454664,3450.7397
12675,1,1464454666,3451.8794
12676,1,1464454667,3451.94
12677,1,1464454669,3450.4314
12678,1,1464454670,3448.8376
12679,1,1464454671,3449.8828
12680,1,1464454673,3450.7112
12681,1,1464454674,3451.3367
12682,1,1464454676,3450.4792
12683,1,1464454677,3450.047
12684,1,1464454679,3449.092
12685,1,1464454680,3450.3623
12686,1,1464454682,3451.3586
12687,1,1464454683,3449.9736
12688,1,1464454685,3450.1458
12689,1,1464454686,3449.9124
12690,1,1464454687,3450.915
12691,1,1464454689,3448.6719
12692,1,1464454690,3451.324
12693,1,1464454692,3448.18
12694,1,1464454693,3449.172
12695,1,1464454695,3449.1992
12696,1,1464454696,3449.7163
12697,1,1464454698,3449.589
12698,1,1464454699,3448.5667
12699,1,1464454701,3448.5205
12700,1,1464454702,3450.0205
12701,1,1464454703,3448.7422
12702,1,1464454705,3449.7966
12703,1,1464454706,3449.859
12704,1,1464454708,3449.8408
12705,1,1464454709,3450.8157
12706,1,1464454711,3450.263
12707,1,1464454712,3450.4512
12708,1,1464454714,3451.3853
12709,1,1464454715,3449.12
12710,1,1464454717,3450.8792
12711,1,1464454718,3450.356
12712,1,1464454720,3449.1882
12713,1,1464454721,3450.3994
12714,1,1464454722,3451.5073
12715,1,1464454724,3451.1023
12716,1,1464454725,3450.591
12717,1,1464454727,3450.3518
12718,1,1464454728,3449.449
12719,1,1464454730,3450.6543
12720,1,1464454731,3450.5925
12721,1,1464454733,3448.0361
12722,1,1464454734,3449.7139
12723,1,1464454736,3449.5068
12724,1,1464454737,3449.4124
12725,1,1464454738,3447.8198
12726,1,1464454740,3448.8425
12727,1,1464454741,3449.5361
12728,1,1464454743,3450.1445
12729,1,1464454744,3449.2104
12730,1,1464454746,3448.4736
12731,1,1464454747,3448.7373
12732,1,1464454749,3449.35
12733,1,1464454750,3449.6765
12734,1,1464454752,3447.059
12735,1,1464454753,3448.5557
12736,1,1464454754,3448.2024
12737,1,1464454756,3447.62
12738,1,1464454757,3448.2024
12739,1,1464454759,3447.5762
12740,1,1464454760,3447.4297
12741,1,1464454762,3448.4502
12742,1,1464454763,3447.4592
12743,1,1464454765,3448.8542
12744,1,1464454766,3447.1978
12745,1,1464454768,3447.3098
12746,1,1464454769,3446.1204
12747,1,1464454770,3447.2612
12748,1,1464454772,3445.3384
12749,1,1464454773,3447.1277
12750,1,1464454775,3446.547
12751,1,1464454776,3446.3555
12752,1,1464454778,3443.8767
12753,1,1464454779,3445.9963
12754,1,1464454781,3446.3652
12755,1,1464454782,3445.3613
12756,1,1464454784,3446.789
12757,1,1464454785,3445.7166
12758,1,1464454787,3445.3726
12759,1,1464454788,3446.355
12760,1,1464454789,3445.7986
12761,1,1464454791,3446.0483
12762,1,1464454792,3443.6086
12763,1,1464454794,3446.3674
12764,1,1464454795,3444.2373
12765,1,1464454797,3445.9878
12766,1,1464454798,3446.13
12767,1,1464454800,3445.7366
12768,1,1464454801,3447.188
12769,1,1464454803,3447.2585
12770,1,1464454804,3446.7686
12771,1,1464454805,3445.1628
12772,1,1464454807,3445.8142
12773,1,1464454808,3446.2769
12774,1,1464454810,3445.3765
12775,1,1464454811,3447.5447
12776,1,1464454813,3446.6313
12777,1,1464454814,3446.305
12778,1,1464454816,3447.2917
12779,1,1464454817,3447.0747
12780,1,1464454819,3446.796
12781,1,1464454820,3445.87
12782,1,1464454821,3445.625
12783,1,1464454823,3446.7437
12784,1,1464454824,3447.0012
12785,1,1464454826,3446.4597
12786,1,1464454827,3446.0242
12787,1,1464454829,3447.6794
12788,1,1464454830,3447.5862
12789,1,1464454832,3446.314
12790,1,1464454833,3447.5183
12791,1,1464454835,3446.5537
12792,1,1464454836,3447.1155
12793,1,1464454838,3446.8237
12794,1,1464454839,3447.3052
12795,1,1464454840,3447.564
12796,1,1464454842,3447.2212
12797,1,1464454843,3448.627
12798,1,1464454845,3447.202
12799,1,1464454846,3446.221
12800,1,1464454848,3445.83
12801,1,1464454849,3447.3062
12802,1,1464454851,3446.7493
12803,1,1464454852,3446.319
12804,1,1464454854,3444.4521
12805,1,1464454855,3445.914
12806,1,1464454856,3446.13
12807,1,1464454858,3445.7888
12808,1,1464454859,3446.3633
12809,1,1464454861,3447.801
12810,1,1464454862,3447.784
12811,1,1464454864,3447.2205
12812,1,1464454865,3446.3857
12813,1,1464454867,3446.903
12814,1,1464454868,3445.5125
12815,1,1464454870,3445.7131
12816,1,1464454871,3444.6912
12817,1,1464454872,3446.7156
12818,1,1464454874,3444.625
12819,1,1464454875,3443.9504
12820,1,1464454877,3445.989
12821,1,1464454878,3444.976
12822,1,1464454880,3442.965
12823,1,1464454881,3444.4612
12824,1,1464454883,3443.862
12825,1,1464454884,3443.8708
12826,1,1464454886,3443.238
12827,1,1464454887,3445.6133
12828,1,1464454889,3443.194
12829,1,1464454890,3443.845
12830,1,1464454891,3444.415
12831,1,1464454893,3443.6436
12832,1,1464454894,3443.1277
12833,1,1464454896,3445.745
12834,1,1464454897,3444.2896
12835,1,1464454899,3445.5369
12836,1,1464454900,3444.7046
12837,1,1464454902,3444.9568
12838,1,1464454903,3445.0974
12839,1,1464454905,3444.7969
12840,1,1464454906,3445.816
12841,1,1464454907,3446.1023
12842,1,1464454909,3445.3904
12843,1,1464454910,3446.1804
12844,1,1464454912,3444.5981
12845,1,1464454913,3446.1606
12846,1,1464454915,3445.4783
12847,1,1464454916,3445.7585
12848,1,1464454918,3444.566
12849,1,1464454919,3445.3076
12850,1,1464454921,3443.4968
12851,1,1464454922,3445.6238
12852,1,1464454923,3444.1858
12853,1,1464454925,3445.1873
12854,1,1464454926,3444.3489
12855,1,1464454928,3445.0247
12856,1,1464454929,3445.2395
12857,1,1464454931,3444.1697
12858,1,1464454932,3445.1
12859,1,1464454934,3445.4736
12860,1,1464454935,3445.105
12861,1,1464454937,3443.9421
12862,1,1464454938,3443.9963
12863,1,1464454940,3444.412
12864,1,1464454941,3446.246
12865,1,1464454942,3444.0945
12866,1,1464454944,3446.28
12867,1,1464454945,3443.7944
12868,1,1464454947,3444.4717
12869,1,1464454948,3444.3093
12870,1,1464454950,3443.2415
12871,1,1464454951,3443.5537
12872,1,1464454953,3444.0012
12873,1,1464454954,3443.7146
12874,1,1464454956,3445.1267
12875,1,1464454957,3444.428
12876,1,1464454958,3445.1978
12877,1,1464454960,3444.3767
12878,1,1464454961,3445.1025
12879,1,1464454963,3443.139
12880,1,1464454964,3445.0127
12881,1,1464454966,3442.349
12882,1,1464454967,3445.416
12883,1,1464454969,3444.1113
12884,1,1464454970,3442.7886
12885,1,1464454972,3442.893
12886,1,1464454973,3441.676
12887,1,1464454974,3443.077
12888,1,1464454976,3441.0303
12889,1,1464454977,3442.2568
12890,1,1464454979,3442.3943
12891,1,1464454980,3443.7935
12892,1,1464454982,3443.6296
12893,1,1464454983,3443.755
12894,1,1464454985,3442.0847
12895,1,1464454986,3443.2585
12896,1,1464454988,3441.8074
12897,1,1464454989,3441.8745
12898,1,1464454990,3441.1853
12899,1,1464454992,3442.0571
12900,1,1464454993,3442.574
12901,1,1464454995,3441.4163
12902,1,1464454996,3442.208
12903,1,1464454998,3440.7087
12904,1,1464454999,3440.3352
12905,1,1464455001,3442.1636
12906,1,1464455002,3440.4617
12907,1,1464455004,3440.3845
12908,1,1464455005,3442.4043
12909,1,1464455007,3442.676
12910,1,1464455008,3443.729
12911,1,1464455009,3441.706
12912,1,1464455011,3442.1433
12913,1,1464455012,3443.6924
12914,1,1464455014,3443.7468
12915,1,1464455015,3441.1155
12916,1,1464455017,3444.2874
12917,1,1464455018,3444.408
12918,1,1464455020,3441.864
12919,1,1464455021,3441.5474
12920,1,1464455023,3441.9583
12921,1,1464455024,3440.9148
12922,1,1464455025,3441.782
12923,1,1464455027,3439.6814
12924,1,1464455028,3441.0938
12925,1,1464455030,3441.2908
12926,1,1464455031,3442.3672
12927,1,1464455033,3442.5112
12928,1,1464455034,3442.0186
12929,1,1464455036,3442.1885
12930,1,1464455037,3439.6633
12931,1,1464455039,3441.44
12932,1,1464455040,3441.4834
12933,1,1464455041,3441.1248
12934,1,1464455043,3440.1323
12935,1,1464455044,3440.1995
12936,1,1464455046,3441.2734
12937,1,1464455047,3439.7349
12938,1,1464455049,3441.576
12939,1,1464455050,3442.4207
12940,1,1464455052,3440.8623
12941,1,1464455053,3441.3884
12942,1,1464455055,3439.7727
12943,1,1464455056,3441.026
12944,1,1464455058,3440.6726
12945,1,1464455059,3440.9597
12946,1,1464455060,3438.9243
12947,1,1464455062,3438.7625
12948,1,1464455063,3437.4338
12949,1,1464455065,3439.4116
12950,1,1464455066,3438.2446
12951,1,1464455068,3439.1519
12952,1,1464455069,3437.1204
12953,1,1464455071,3438.8542
12954,1,1464455072,3438.5503
12955,1,1464455074,3438.5342
12956,1,1464455075,3438.747
12957,1,1464455076,3437.451
12958,1,1464455078,3438.174
12959,1,1464455079,3437.9973
12960,1,1464455081,3438.7405
12961,1,1464455082,3437.776
12962,1,1464455084,3438.391
12963,1,1464455085,3439.1716
12964,1,1464455087,3437.766
12965,1,1464455088,3438.4182
12966,1,1464455090,3436.3147
12967,1,1464455091,3436.9954
12968,1,1464455092,3437.5024
12969,1,1464455094,3435.9966
12970,1,1464455095,3436.5242
12971,1,1464455097,3436.9478
12972,1,1464455098,3436.8616
12973,1,1464455100,3437.9246
12974,1,1464455101,3437.8684
12975,1,1464455103,3438.376
12976,1,1464455104,3438.1055
12977,1,1464455106,3439.8381
12978,1,1464455107,3439.0735
12979,1,1464455109,3439.3406
12980,1,1464455110,3437.6587
12981,1,1464455111,3437.6704
12982,1,1464455113,3440.6086
12983,1,1464455114,3438.5364
12984,1,1464455116,3438.2812
12985,1,1464455117,3439.3923
12986,1,1464455119,3438.242
12987,1,1464455120,3439.2776
12988,1,1464455122,3440.3503
12989,1,1464455123,3438.0938
12990,1,1464455125,3437.8816
12991,1,1464455126,3440.5095
12992,1,1464455127,3438.2065
12993,1,1464455129,3437.936
12994,1,1464455130,3439.217
12995,1,1464455132,3438.4622
12996,1,1464455133,3440.036
12997,1,1464455135,3440.6172
12998,1,1464455136,3439.431
12999,1,1464455138,3441.1362
13000,1,1464455139,3441.261
13001,1,1464455141,3440.0098
13002,1,1464455142,3440.1313
13003,1,1464455143,3440.117
13004,1,1464455145,3440.7456
13005,1,1464455146,3440.3242
13006,1,1464455148,3437.39
13007,1,1464455149,3440.1018
13008,1,1464455151,3437.831
13009,1,1464455152,3440.16
13010,1,1464455154,3437.9993
13011,1,1464455155,3438.0122
13012,1,1464455157,3437.075
13013,1,1464455158,3438.461
13014,1,1464455160,3438.566
13015,1,1464455161,3436.7676
13016,1,1464455162,3435.2542
13017,1,1464455164,3434.7327
13018,1,1464455165,3432.9558
13019,1,1464455167,3433.805
13020,1,1464455168,3434.2783
13021,1,1464455170,3433.5752
13022,1,1464455171,3433.863
13023,1,1464455173,3433.9011
13024,1,1464455174,3431.0068
13025,1,1464455176,3431.7488
13026,1,1464455177,3432.956
13027,1,1464455178,3431.6306
13028,1,1464455180,3430.518
13029,1,1464455181,3432.5708
13030,1,1464455183,3432.959
13031,1,1464455184,3436.03
13032,1,1464455186,3434.6633
13033,1,1464455187,3434.5105
13034,1,1464455189,3434.0457
13035,1,1464455190,3436.3516
13036,1,1464455192,3435.2732
13037,1,1464455193,3432.9355
13038,1,1464455194,3434.402
13039,1,1464455196,3433.0112
13040,1,1464455197,3430.8123
13041,1,1464455199,3429.673
13042,1,1464455200,3429.2126
13043,1,1464455202,3430.3333
13044,1,1464455203,3430.5251
13045,1,1464455205,3430.4456
13046,1,1464455206,3428.3994
13047,1,1464455208,3429.9785
13048,1,1464455209,3428.0728
13049,1,1464455210,3427.3257
13050,1,1464455212,3427.0063
13051,1,1464455213,3429.7798
13052,1,1464455215,3430.1616
13053,1,1464455216,3429.0298
13054,1,1464455218,3428.732
13055,1,1464455219,3427.9924
13056,1,1464455221,3427.3628
13057,1,1464455222,3429.7153
13058,1,1464455224,3428.8977
13059,1,1464455225,3429.4973
13060,1,1464455227,3429.9858
13061,1,1464455228,3429.0098
13062,1,1464455229,3430.6406
13063,1,1464455231,3427.8054
13064,1,1464455232,3430.0923
13065,1,1464455234,3430.7585
13066,1,1464455235,3427.825
13067,1,1464455237,3429.6892
13068,1,1464455238,3430.3186
13069,1,1464455240,3427.6729
13070,1,1464455241,3428.913
13071,1,1464455243,3428.2573
13072,1,1464455244,3426.8313
13073,1,1464455245,3427.6533
13074,1,1464455247,3427.7966
13075,1,1464455248,3428.0735
13076,1,1464455250,3428.2876
13077,1,1464455251,3427.797
13078,1,1464455253,3428.978
13079,1,1464455254,3427.5815
13080,1,1464455256,3426.9414
13081,1,1464455257,3427.3738
13082,1,1464455259,3426.295
13083,1,1464455260,3428.6045
13084,1,1464455261,3427.511
13085,1,1464455263,3428.703
13086,1,1464455264,3428.5503
13087,1,1464455266,3426.5312
13088,1,1464455267,3428.6533
13089,1,1464455269,3426.6824
13090,1,1464455270,3427.3687
13091,1,1464455272,3427.3428
13092,1,1464455273,3427.561
13093,1,1464455275,3426.8328
13094,1,1464455276,3425.9712
13095,1,1464455278,3425.5012
13096,1,1464455279,3427.2222
13097,1,1464455280,3427.0054
13098,1,1464455282,3426.3635
13099,1,1464455283,3424.9397
13100,1,1464455285,3424.0376
13101,1,1464455286,3426.0327
13102,1,1464455288,3424.3315
13103,1,1464455289,3423.829
13104,1,1464455291,3424.2852
13105,1,1464455292,3423.9343
13106,1,1464455294,3424.2197
13107,1,1464455295,3423.5723
13108,1,1464455296,3425.2703
13109,1,1464455298,3422.4392
13110,1,1464455299,3423.7612
13111,1,1464455301,3424.3662
13112,1,1464455302,3422.588
13113,1,1464455304,3424.5303
13114,1,1464455305,3423.6206
13115,1,1464455307,3422.9673
13116,1,1464455308,3424.2598
13117,1,1464455310,3423.8726
13118,1,1464455311,3422.7112
13119,1,1464455312,3424.8994
13120,1,1464455314,3423.092
13121,1,1464455315,3425.2578
13122,1,1464455317,3425.3745
13123,1,1464455318,3423.3586
13124,1,1464455320,3424.4973
13125,1,1464455321,3425.9243
13126,1,1464455323,3424.0684
13127,1,1464455324,3425.4338
13128,1,1464455326,3423.9287
13129,1,1464455327,3424.1467
13130,1,1464455329,3425.0205
13131,1,1464455330,3425.245
13132,1,1464455331,3425.06
13133,1,1464455333,3424.6584
13134,1,1464455334,3425.697
13135,1,1464455336,3424.1802
13136,1,1464455337,3424.7495
13137,1,1464455339,3425.201
13138,1,1464455340,3425.2568
13139,1,1464455342,3424.3152
13140,1,1464455343,3424.8484
13141,1,1464455345,3424.4736
13142,1,1464455346,3423.5022
13143,1,1464455347,3424.6555
13144,1,1464455349,3425.9277
13145,1,1464455350,3424.4106
13146,1,1464455352,3422.672
13147,1,1464455353,3424.0269
13148,1,1464455355,3422.1255
13149,1,1464455356,3422.6174
13150,1,1464455358,3423.7544
13151,1,1464455359,3423.0298
13152,1,1464455361,3423.6245
13153,1,1464455362,3422.1436
13154,1,1464455363,3422.5657
13155,1,1464455365,3421.78
13156,1,1464455366,3422.0042
13157,1,1464455368,3423.5647
13158,1,1464455369,3422.4512
13159,1,1464455371,3420.4094
13160,1,1464455372,3420.548
13161,1,1464455374,3421.0408
13162,1,1464455375,3420.407
13163,1,1464455377,3420.4697
13164,1,1464455378,3422.8699
13165,1,1464455380,3422.4443
13166,1,1464455381,3421.813
13167,1,1464455382,3420.6008
13168,1,1464455384,3422.0286
13169,1,1464455385,3420.133
13170,1,1464455387,3420.0293
13171,1,1464455388,3420.3958
13172,1,1464455390,3421.8071
13173,1,1464455391,3421.838
13174,1,1464455393,3421.2966
13175,1,1464455394,3420.7026
13176,1,1464455396,3419.586
13177,1,1464455397,3422.125
13178,1,1464455398,3418.2668
13179,1,1464455400,3421.2478
13180,1,1464455401,3420.8054
13181,1,1464455403,3420.3328
13182,1,1464455404,3419.2617
13183,1,1464455406,3419.0728
13184,1,1464455407,3419.8704
13185,1,1464455409,3420.8762
13186,1,1464455410,3420.2373
13187,1,1464455412,3420.2876
13188,1,1464455413,3419.6304
13189,1,1464455414,3419.2593
13190,1,1464455416,3419.1375
13191,1,1464455417,3420.888
13192,1,1464455419,3419.8462
13193,1,1464455420,3417.6108
13194,1,1464455422,3417.7703
13195,1,1464455423,3419.0903
13196,1,1464455425,3419.094
13197,1,1464455426,3418.3486
13198,1,1464455428,3420.783
13199,1,1464455429,3419.1387
13200,1,1464455430,3419.1326
13201,1,1464455432,3420.3103
13202,1,1464455433,3420.6855
13203,1,1464455435,3419.7668
13204,1,1464455436,3419.9727
13205,1,1464455438,3417.79
13206,1,1464455439,3418.7224
13207,1,1464455441,3419.814
13208,1,1464455442,3419.1963
13209,1,1464455444,3417.8503
13210,1,1464455445,3418.412
13211,1,1464455447,3418.0715
13212,1,1464455448,3420.1753
13213,1,1464455449,3420.2869
13214,1,1464455451,3418.409
13215,1,1464455452,3419.503
13216,1,1464455454,3419.7466
13217,1,1464455455,3419.2942
13218,1,1464455457,3420.1492
13219,1,1464455458,3418.76
13220,1,1464455460,3419.1663
13221,1,1464455461,3420.0085
13222,1,1464455463,3419.9219
13223,1,1464455464,3420.152
13224,1,1464455465,3419.5732
13225,1,1464455467,3420.506
13226,1,1464455468,3418.5217
13227,1,1464455470,3419.7698
13228,1,1464455471,3420.9934
13229,1,1464455473,3419.958
13230,1,1464455474,3420.6353
13231,1,1464455476,3421.1216
13232,1,1464455477,3421.3926
13233,1,1464455479,3421.386
13234,1,1464455480,3419.5657
13235,1,1464455481,3420.0369
13236,1,1464455483,3421.3096
13237,1,1464455484,3421.493
13238,1,1464455486,3419.5574
13239,1,1464455487,3419.7527
13240,1,1464455489,3420.0103
13241,1,1464455490,3419.363
13242,1,1464455492,3419.8816
13243,1,1464455493,3421.0527
13244,1,1464455495,3420.359
13245,1,1464455496,3420.24
13246,1,1464455498,3418.2366
13247,1,1464455499,3417.5488
13248,1,1464455500,3419.7532
13249,1,1464455502,3418.4158
13250,1,1464455503,3418.8645
13251,1,1464455505,3419.0183
13252,1,1464455506,3419.253
13253,1,1464455508,3419.2253
13254,1,1464455509,3419.133
13255,1,1464455511,3418.825
13256,1,1464455512,3418.6497
13257,1,1464455514,3418.753
13258,1,1464455515,3419.293
13259,1,1464455516,3417.4014
13260,1,1464455518,3419.6306
13261,1,1464455519,3417.5889
13262,1,1464455521,3419.2886
13263,1,1464455522,3418.1384
13264,1,1464455524,3417.7822
13265,1,1464455525,3418.0278
13266,1,1464455527,3417.4338
13267,1,1464455528,3417.187
13268,1,1464455530,3417.3853
13269,1,1464455531,3417.0112
13270,1,1464455532,3418.3425
13271,1,1464455534,3416.9524
13272,1,1464455535,3417.1067
13273,1,1464455537,3418.0723
13274,1,1464455538,3416.6125
13275,1,1464455540,3416.389
13276,1,1464455541,3417.0867
13277,1,1464455543,3415.858
13278,1,1464455544,3418.2063
13279,1,1464455546,3417.8645
13280,1,1464455547,3416.1572
13281,1,1464455549,3415.727
13282,1,1464455550,3416.0632
13283,1,1464455551,3416.645
13284,1,1464455553,3418.986
13285,1,1464455554,3417.6257
13286,1,1464455556,3417.2908
13287,1,1464455557,3416.577
13288,1,1464455559,3417.6992
13289,1,1464455560,3417.9724
13290,1,1464455562,3417.5544
13291,1,1464455563,3416.673
13292,1,1464455565,3416.0002
13293,1,1464455566,3417.209
13294,1,1464455567,3416.9158
13295,1,1464455569,3416.2068
13296,1,1464455570,3417.0813
13297,1,1464455572,3416.768
13298,1,1464455573,3417.126
13299,1,1464455575,3416.4814
13300,1,1464455576,3418.816
13301,1,1464455578,3417.9653
13302,1,1464455579,3419.2607
13303,1,1464455581,3415.4197
13304,1,1464455582,3416.144
13305,1,1464455583,3413.6245
13306,1,1464455585,3414.6838
13307,1,1464455586,3413.1855
13308,1,1464455588,3416.1218
13309,1,1464455589,3415.0479
13310,1,1464455591,3417.1702
13311,1,1464455592,3414.0955
13312,1,1464455594,3416.514
13313,1,1464455595,3419.192
13314,1,1464455597,3419.8555
13315,1,1464455598,3420.6836
13316,1,1464455600,3417.765
13317,1,1464455601,3418.7742
13318,1,1464455602,3418.5046
13319,1,1464455604,3419.158
13320,1,1464455605,3419.713
13321,1,1464455607,3416.2007
13322,1,1464455608,3413.735
13323,1,1464455610,3413.9116
13324,1,1464455611,3413.8499
13325,1,1464455613,3415.5989
13326,1,1464455614,3414.1316
13327,1,1464455616,3415.1882
13328,1,1464455617,3410.8716
13329,1,1464455618,3412.4858
13330,1,1464455620,3414.0515
13331,1,1464455621,3413.3972
13332,1,1464455623,3414.2449
13333,1,1464455624,3412.7764
13334,1,1464455626,3416.2244
13335,1,1464455627,3414.7896
13336,1,1464455629,3415.8423
13337,1,1464455630,3413.9568
13338,1,1464455632,3413.982
13339,1,1464455633,3414.9946
13340,1,1464455634,3414.598
13341,1,1464455636,3413.2527
13342,1,1464455637,3414.95
13343,1,1464455639,3414.2722
13344,1,1464455640,3413.2048
13345,1,1464455642,3414.0574
13346,1,1464455643,3412.5261
13347,1,1464455645,3411.2295
13348,1,1464455646,3412.5986
13349,1,1464455648,3413.0098
13350,1,1464455649,3413.691
13351,1,1464455650,3413.2979
13352,1,1464455652,3414.7573
13353,1,1464455653,3412.3577
13354,1,1464455655,3410.4739
13355,1,1464455656,3411.9695
13356,1,1464455658,3410.264
13357,1,1464455659,3411.5005
13358,1,1464455661,3411.7192
13359,1,1464455662,3412.0483
13360,1,1464455664,3411.5393
13361,1,1464455665,3411.36
13362,1,1464455667,3410.9507
13363,1,1464455668,3410.5
13364,1,1464455669,3409.7231
13365,1,1464455671,3410.761
13366,1,1464455672,3411.5417
13367,1,1464455674,3411.6047
13368,1,1464455675,3410.513
13369,1,1464455677,3412.9778
13370,1,1464455678,3415.4653
13371,1,1464455680,3414.6804
13372,1,1464455681,3411.7556
13373,1,1464455683,3410.7449
13374,1,1464455684,3413.2153
13375,1,1464455685,3412.435
13376,1,1464455687,3410.9973
13377,1,1464455688,3410.8296
13378,1,1464455690,3414.515
13379,1,1464455691,3411.3484
13380,1,1464455693,3411.5542
13381,1,1464455694,3408.8945
13382,1,1464455696,3412.9387
13383,1,1464455697,3415.5334
13384,1,1464455699,3414.5938
13385,1,1464455700,3413.0886
13386,1,1464455701,3412.081
13387,1,1464455703,3413.3306
13388,1,1464455704,3415.2388
13389,1,1464455706,3415.8638
13390,1,1464455707,3414.4148
13391,1,1464455709,3415.5881
13392,1,1464455710,3416.9558
13393,1,1464455712,3414.9622
13394,1,1464455713,3414.353
13395,1,1464455715,3415.6758
13396,1,1464455716,3415.547
13397,1,1464455718,3415.6614
13398,1,1464455719,3414.1196
13399,1,1464455720,3413.071
13400,1,1464455722,3415.031
13401,1,1464455723,3414.1711
13402,1,1464455725,3414.6086
13403,1,1464455726,3411.8562
13404,1,1464455728,3412.2708
13405,1,1464455729,3414.0403
13406,1,1464455731,3412.134
13407,1,1464455732,3413.4639
13408,1,1464455734,3412.4775
13409,1,1464455735,3411.4873
13410,1,1464455736,3413.107
13411,1,1464455738,3412.1956
13412,1,1464455739,3411.0317
13413,1,1464455741,3414.1565
13414,1,1464455742,3413.634
13415,1,1464455744,3414.0312
13416,1,1464455745,3413.0566
13417,1,1464455747,3412.1248
13418,1,1464455748,3412.829
13419,1,1464455750,3413.723
13420,1,1464455751,3411.904
13421,1,1464455752,3410.9353
13422,1,1464455754,3412.0142
13423,1,1464455755,3411.0938
13424,1,1464455757,3411.68
13425,1,1464455758,3412.2908
13426,1,1464455760,3411.7458
13427,1,1464455761,3410.5464
13428,1,1464455763,3409.7817
13429,1,1464455764,3409.3113
13430,1,1464455766,3411.5237
13431,1,1464455767,3411.6643
13432,1,1464455769,3412.8928
13433,1,1464455770,3409.4492
13434,1,1464455771,3409.6675
13435,1,1464455773,3411.4805
13436,1,1464455774,3410.8987
13437,1,1464455776,3410.814
13438,1,1464455777,3411.5916
13439,1,1464455779,3412.3206
13440,1,1464455780,3413.032
13441,1,1464455782,3412.1848
13442,1,1464455783,3413.5586
13443,1,1464455785,3411.3662
13444,1,1464455786,3412.7527
13445,1,1464455787,3412.9067
13446,1,1464455789,3412.4468
13447,1,1464455790,3411.229
13448,1,1464455792,3413.556
13449,1,1464455793,3413.5793
13450,1,1464455795,3411.5864
13451,1,1464455796,3411.1936
13452,1,1464455798,3413.336
13453,1,1464455799,3413.1108
13454,1,1464455801,3412.82
13455,1,1464455802,3411.1106
13456,1,1464455803,3412.048
13457,1,1464455805,3410.2202
13458,1,1464455806,3411.7805
13459,1,1464455808,3410.9065
13460,1,1464455809,3410.9875
13461,1,1464455811,3412.5503
13462,1,1464455812,3413.3823
13463,1,1464455814,3412.6987
13464,1,1464455815,3412.6335
13465,1,1464455817,3413.5527
13466,1,1464455818,3411.3257
13467,1,1464455820,3412.2896
13468,1,1464455821,3413.1794
13469,1,1464455822,3412.6016
13470,1,1464455824,3412.638
13471,1,1464455825,3412.5154
13472,1,1464455827,3412.416
13473,1,1464455828,3411.543
13474,1,1464455830,3411.3904
13475,1,1464455831,3410.6633
13476,1,1464455833,3412.5315
13477,1,1464455834,3413.5781
13478,1,1464455836,3411.3499
13479,1,1464455837,3412.7961
13480,1,1464455838,3412.494
13481,1,1464455840,3412.1516
13482,1,1464455841,3412.4514
13483,1,1464455843,3413.0889
13484,1,1464455844,3411.6785
13485,1,1464455846,3411.4116
13486,1,1464455847,3411.0535
13487,1,1464455849,3410.0747
13488,1,1464455850,3411.4937
13489,1,1464455852,3411.9492
13490,1,1464455853,3411.4922
13491,1,1464455854,3410.3896
13492,1,1464455856,3408.7134
13493,1,1464455857,3410.6074
13494,1,1464455859,3411.1707
13495,1,1464455860,3410.277
13496,1,1464455862,3409.5337
13497,1,1464455863,3408.8445
13498,1,1464455865,3408.4756
13499,1,1464455866,3408.7512
13500,1,1464455868,3408.7837
13501,1,1464455869,3409.3413
13502,1,1464455870,3409.8796
13503,1,1464455872,3409.299
13504,1,1464455873,3408.7258
13505,1,1464455875,3409.7275
13506,1,1464455876,3409.2368
13507,1,1464455878,3408.292
13508,1,1464455879,3408.2996
13509,1,1464455881,3407.5676
13510,1,1464455882,3408.64
13511,1,1464455884,3409.7961
13512,1,1464455885,3410.0251
13513,1,1464455887,3409.4695
13514,1,1464455888,3408.7837
13515,1,1464455889,3409.6948
13516,1,1464455891,3410.13
13517,1,1464455892,3409.3918
13518,1,1464455894,3407.0203
13519,1,1464455895,3408.866
13520,1,1464455897,3409.5876
13521,1,1464455898,3408.0203
13522,1,1464455900,3408.7417
13523,1,1464455901,3409.7173
13524,1,1464455903,3409.1494
13525,1,1464455904,3410.9731
13526,1,1464455905,3409.2913
13527,1,1464455907,3411.2517
13528,1,1464455908,3410.169
13529,1,1464455910,3410.9185
13530,1,1464455911,3411.836
13531,1,1464455913,3411.1814
13532,1,1464455914,3413.1853
13533,1,1464455916,3411.8596
13534,1,1464455917,3410.6392
13535,1,1464455919,3411.5186
13536,1,1464455920,3412.1338
13537,1,1464455921,3411.7688
13538,1,1464455923,3413.1921
13539,1,1464455924,3411.7344
13540,1,1464455926,3413.2273
13541,1,1464455927,3413.5173
13542,1,1464455929,3413.8643
13543,1,1464455930,3413.3784
13544,1,1464455932,3413.1545
13545,1,1464455933,3412.5278
13546,1,1464455935,3414.8052
13547,1,1464455936,3411.886
13548,1,1464455938,3413.3132
13549,1,1464455939,3412.6035
13550,1,1464455940,3412.2925
13551,1,1464455942,3413.3096
13552,1,1464455943,3412.6501
13553,1,1464455945,3413.1313
13554,1,1464455946,3412.3076
13555,1,1464455948,3409.8457
13556,1,1464455949,3411.7566
13557,1,1464455951,3413.0742
13558,1,1464455952,3412.5022
13559,1,1464455954,3411.7246
13560,1,1464455955,3412.9236
13561,1,1464455956,3412.926
13562,1,1464455958,3413.218
13563,1,1464455959,3414.3257
13564,1,1464455961,3412.9727
13565,1,1464455962,3413.028
13566,1,1464455964,3411.0745
13567,1,1464455965,3412.9573
13568,1,1464455967,3412.2974
13569,1,1464455968,3413.0461
13570,1,1464455970,3410.9194
13571,1,1464455971,3410.8386
13572,1,1464455972,3410.9487
13573,1,1464455974,3411.075
13574,1,1464455975,3411.6333
13575,1,1464455977,3410.083
13576,1,1464455978,3410.888
13577,1,1464455980,3411.5364
13578,1,1464455981,3410.365
13579,1,1464455983,3410.8828
13580,1,1464455984,3409.7568
13581,1,1464455986,3410.8252
13582,1,1464455987,3411.1736
13583,1,1464455989,3409.7908
13584,1,1464455990,3409.6467
13585,1,1464455991,3411.2349
13586,1,1464455993,3411.512
13587,1,1464455994,3411.6765
13588,1,1464455996,3410.8154
13589,1,1464455997,3409.7817
13590,1,1464455999,3409.2224
13591,1,1464456000,3410.154
13592,1,1464456002,3410.4656
13593,1,1464456003,3410.7195
13594,1,1464456005,3410.5493
13595,1,1464456006,3411.9924
13596,1,1464456007,3412.0422
13597,1,1464456009,3409.8418
13598,1,1464456010,3411.219
13599,1,1464456012,3411.934
13600,1,1464456013,3410.0015
13601,1,1464456015,3409.8762
13602,1,1464456016,3410.1326
13603,1,1464456018,3411.428
13604,1,1464456019,3408.688
13605,1,1464456021,3409.64
13606,1,1464456022,3408.55
13607,1,1464456023,3409.946
13608,1,1464456025,3407.9517
13609,1,1464456026,3410.132
13610,1,1464456028,3410.5007
13611,1,1464456029,3408.5508
13612,1,1464456031,3407.6914
13613,1,1464456032,3407.4917
13614,1,1464456034,3408.1646
13615,1,1464456035,3408.3022
13616,1,1464456037,3407.5696
13617,1,1464456038,3407.0227
13618,1,1464456040,3407.5923
13619,1,1464456041,3405.8186
13620,1,1464456042,3406.527
13621,1,1464456044,3407.4854
13622,1,1464456045,3407.664
13623,1,1464456047,3408.8308
13624,1,1464456048,3407.5852
13625,1,1464456050,3407.0613
13626,1,1464456051,3405.3594
13627,1,1464456053,3407.6638
13628,1,1464456054,3408.5408
13629,1,1464456056,3407.7483
13630,1,1464456057,3407.391
13631,1,1464456058,3406.8325
13632,1,1464456060,3409.1653
13633,1,1464456061,3408.6455
13634,1,1464456063,3408.304
13635,1,1464456064,3406.1016
13636,1,1464456066,3406.1235
13637,1,1464456067,3407.5159
13638,1,1464456069,3406.1445
13639,1,1464456070,3407.0078
13640,1,1464456072,3407.6125
13641,1,1464456073,3406.939
13642,1,1464456074,3407.3015
13643,1,1464456076,3408.3896
13644,1,1464456077,3406.3313
13645,1,1464456079,3404.9812
13646,1,1464456080,3407.5847
13647,1,1464456082,3407.3208
13648,1,1464456083,3407.847
13649,1,1464456085,3407.5571
13650,1,1464456086,3405.0818
13651,1,1464456088,3406.7913
13652,1,1464456089,3406.087
13653,1,1464456090,3409.5593
13654,1,1464456092,3406.1233
13655,1,1464456093,3406.0981
13656,1,1464456095,3406.116
13657,1,1464456096,3405.1204
13658,1,1464456098,3405.489
13659,1,1464456099,3406.2559
13660,1,1464456101,3404.106
13661,1,1464456102,3406.8765
13662,1,1464456104,3406.6045
13663,1,1464456105,3405.3738
13664,1,1464456107,3407.5728
13665,1,1464456108,3407.628
13666,1,1464456109,3405.857
13667,1,1464456111,3406.8323
13668,1,1464456112,3409.4138
13669,1,1464456114,3406.9246
13670,1,1464456115,3406.8875
13671,1,1464456117,3405.7554
13672,1,1464456118,3406.2864
13673,1,1464456120,3407.1677
13674,1,1464456121,3405.802
13675,1,1464456123,3405.97
13676,1,1464456124,3406.4653
13677,1,1464456125,3405.1494
13678,1,1464456127,3407.3342
13679,1,1464456128,3405.9255
13680,1,1464456130,3407.032
13681,1,1464456131,3408.7126
13682,1,1464456133,3405.4978
13683,1,1464456134,3406.2668
13684,1,1464456136,3404.9414
13685,1,1464456137,3406.8525
13686,1,1464456139,3407.1118
13687,1,1464456140,3406.4321
13688,1,1464456141,3406.6736
13689,1,1464456143,3406.273
13690,1,1464456144,3406.5054
13691,1,1464456146,3405.5876
13692,1,1464456147,3404.0461
13693,1,1464456149,3405.755
13694,1,1464456150,3405.4119
13695,1,1464456152,3404.7808
13696,1,1464456153,3403.8643
13697,1,1464456155,3402.4624
13698,1,1464456156,3401.9846
13699,1,1464456158,3403.568
13700,1,1464456159,3404.2192
13701,1,1464456160,3402.9937
13702,1,1464456162,3403.4214
13703,1,1464456163,3403.439
13704,1,1464456165,3403.0315
13705,1,1464456166,3402.5854
13706,1,1464456168,3404.0286
13707,1,1464456169,3402.177
13708,1,1464456171,3404.4043
13709,1,1464456172,3402.9514
13710,1,1464456174,3402.1897
13711,1,1464456175,3401.9006
13712,1,1464456176,3402.5706
13713,1,1464456178,3403.4253
13714,1,1464456179,3402.3306
13715,1,1464456181,3402.7166
13716,1,1464456182,3402.1729
13717,1,1464456184,3402.182
13718,1,1464456185,3401.9302
13719,1,1464456187,3399.7927
13720,1,1464456188,3400.8872
13721,1,1464456190,3399.3435
13722,1,1464456191,3399.1445
13723,1,1464456192,3398.969
13724,1,1464456194,3398.7507
13725,1,1464456195,3402.6924
13726,1,1464456197,3401.088
13727,1,1464456198,3400.272
13728,1,1464456200,3400.2705
13729,1,1464456201,3400.105
13730,1,1464456203,3401.2285
13731,1,1464456204,3401.3428
13732,1,1464456206,3400.7288
13733,1,1464456207,3400.9482
13734,1,1464456209,3401.9065
13735,1,1464456210,3402.0295
13736,1,1464456211,3401.5305
13737,1,1464456213,3402.3284
13738,1,1464456214,3403.6404
13739,1,1464456216,3402.7834
13740,1,1464456217,3403.3955
13741,1,1464456219,3402.9568
13742,1,1464456220,3403.051
13743,1,1464456222,3401.5405
13744,1,1464456223,3405.0159
13745,1,1464456225,3402.1567
13746,1,1464456226,3402.6833
13747,1,1464456227,3400.6204
13748,1,1464456229,3404.685
13749,1,1464456230,3403.4255
13750,1,1464456232,3403.593
13751,1,1464456233,3404.699
13752,1,1464456235,3404.6116
13753,1,1464456236,3404.6196
13754,1,1464456238,3404.9966
13755,1,1464456239,3405.2537
13756,1,1464456241,3404.2158
13757,1,1464456242,3405.2407
13758,1,1464456243,3403.7773
13759,1,1464456245,3404.384
13760,1,1464456246,3403.891
13761,1,1464456248,3402.1414
13762,1,1464456249,3405.4854
13763,1,1464456251,3404.2107
13764,1,1464456252,3405.1223
13765,1,1464456254,3404.8936
13766,1,1464456255,3404.4146
13767,1,1464456257,3402.4292
13768,1,1464456258,3403.0112
13769,1,1464456260,3402.6858
13770,1,1464456261,3404.1863
13771,1,1464456262,3403.9688
13772,1,1464456264,3403.7012
13773,1,1464456265,3404.3472
13774,1,1464456267,3402.9775
13775,1,1464456268,3404.8416
13776,1,1464456270,3402.766
13777,1,1464456271,3403.6997
13778,1,1464456273,3403.2832
13779,1,1464456274,3402.4973
13780,1,1464456276,3402.542
13781,1,1464456277,3403.8823
13782,1,1464456278,3402.7183
13783,1,1464456280,3401.2263
13784,1,1464456281,3401.8855
13785,1,1464456283,3401.7734
13786,1,1464456284,3403.8855
13787,1,1464456286,3402.887
13788,1,1464456287,3403.8481
13789,1,1464456289,3402.168
13790,1,1464456290,3402.4336
13791,1,1464456292,3401.292
13792,1,1464456293,3402.7446
13793,1,1464456294,3401.0566
13794,1,1464456296,3401.8943
13795,1,1464456297,3400.5527
13796,1,1464456299,3399.9492
13797,1,1464456300,3400.399
13798,1,1464456302,3400.6501
13799,1,1464456303,3401.0693
13800,1,1464456305,3400.4224
13801,1,1464456306,3400.8809
13802,1,1464456308,3401.6123
13803,1,1464456309,3401.2163
13804,1,1464456310,3400.356
13805,1,1464456312,3401.3591
13806,1,1464456313,3401.6165
13807,1,1464456315,3399.9417
13808,1,1464456316,3402.647
13809,1,1464456318,3401.1316
13810,1,1464456319,3400.3438
13811,1,1464456321,3403.5366
13812,1,1464456322,3401.189
13813,1,1464456324,3402.1655
13814,1,1464456325,3402.224
13815,1,1464456327,3400.5168
13816,1,1464456328,3400.8264
13817,1,1464456329,3402.396
13818,1,1464456331,3402.7593
13819,1,1464456332,3402.9575
13820,1,1464456334,3401.5557
13821,1,1464456335,3401.9329
13822,1,1464456337,3402.1257
13823,1,1464456338,3402.65
13824,1,1464456342,3401.6558
13825,1,1464456344,3401.3435
13826,1,1464456345,3401.222
13827,1,1464456347,3401.4604
13828,1,1464456348,3402.5266
13829,1,1464456350,3402.361
13830,1,1464456351,3401.28
13831,1,1464456353,3403.2666
13832,1,1464456354,3403.1624
13833,1,1464456356,3402.9553
13834,1,1464456357,3402.2576
13835,1,1464456359,3404.3057
13836,1,1464456360,3402.7434
13837,1,1464456361,3403.8013
13838,1,1464456363,3402.2437
13839,1,1464456364,3403.0732
13840,1,1464456366,3401.8523
13841,1,1464456367,3402.561
13842,1,1464456369,3402.1213
13843,1,1464456370,3403.1396
13844,1,1464456372,3401.6304
13845,1,1464456373,3402.4482
13846,1,1464456375,3400.6726
13847,1,1464456376,3401.5571
13848,1,1464456378,3402.677
13849,1,1464456379,3402.322
13850,1,1464456380,3402.9316
13851,1,1464456382,3401.0808
13852,1,1464456383,3401.4856
13853,1,1464456385,3400.5444
13854,1,1464456386,3399.6475
13855,1,1464456388,3400.0725
13856,1,1464456389,3400.9888
13857,1,1464456391,3399.9448
13858,1,1464456392,3400.0166
13859,1,1464456394,3400.5083
13860,1,1464456395,3400.235
13861,1,1464456396,3399.5906
13862,1,1464456398,3399.5981
13863,1,1464456399,3399.8743
13864,1,1464456401,3401.906
13865,1,1464456402,3401.3499
13866,1,1464456404,3400.4917
13867,1,1464456405,3399.9368
13868,1,1464456407,3400.391
13869,1,1464456408,3400.7986
13870,1,1464456410,3400.4443
13871,1,1464456411,3398.9443
13872,1,1464456412,3399.617
13873,1,1464456414,3399.1572
13874,1,1464456415,3399.8235
13875,1,1464456417,3399.38
13876,1,1464456418,3397.1667
13877,1,1464456420,3398.5508
13878,1,1464456421,3398.3296
13879,1,1464456423,3397.8198
13880,1,1464456424,3396.2473
13881,1,1464456426,3397.911
13882,1,1464456427,3397.9915
13883,1,1464456429,3398.6978
13884,1,1464456430,3398.3057
13885,1,1464456431,3397.3423
13886,1,1464456433,3400.1658
13887,1,1464456434,3400.0798
13888,1,1464456436,3400.3657
13889,1,1464456437,3401.3237
13890,1,1464456439,3400.4197
13891,1,1464456440,3399.177
13892,1,1464456442,3400.8647
13893,1,1464456443,3401.721
13894,1,1464456445,3400.3933
13895,1,1464456446,3399.898
13896,1,1464456447,3400.4392
13897,1,1464456449,3402.045
13898,1,1464456450,3401.05
13899,1,1464456452,3400.852
13900,1,1464456453,3401.3667
13901,1,1464456455,3400.0671
13902,1,1464456456,3401.4048
13903,1,1464456458,3401.41
13904,1,1464456459,3399.2058
13905,1,1464456461,3401.265
13906,1,1464456462,3402.0073
13907,1,1464456463,3400.0198
13908,1,1464456465,3400.5647
13909,1,1464456466,3401.2236
13910,1,1464456468,3399.864
13911,1,1464456469,3399.3716
13912,1,1464456471,3398.9548
13913,1,1464456472,3400.156
13914,1,1464456474,3399.8625
13915,1,1464456475,3399.591
13916,1,1464456477,3400.8381
13917,1,1464456478,3399.125
13918,1,1464456480,3399.4248
13919,1,1464456481,3400.6467
13920,1,1464456482,3400.3306
13921,1,1464456484,3400.5684
13922,1,1464456485,3398.1475
13923,1,1464456487,3399.1172
13924,1,1464456488,3398.2078
13925,1,1464456490,3399.2378
13926,1,1464456491,3398.3762
13927,1,1464456493,3399.7407
13928,1,1464456494,3396.0115
13929,1,1464456496,3397.747
13930,1,1464456497,3395.535
13931,1,1464456498,3397.8193
13932,1,1464456500,3397.419
13933,1,1464456501,3398.7622
13934,1,1464456503,3398.4963
13935,1,1464456504,3398.2832
13936,1,1464456506,3398.2896
13937,1,1464456507,3397.7283
13938,1,1464456509,3397.981
13939,1,1464456510,3397.116
13940,1,1464456512,3397.3987
13941,1,1464456513,3396.548
13942,1,1464456514,3395.8887
13943,1,1464456516,3397.16
13944,1,1464456517,3397.3003
13945,1,1464456519,3397.8218
13946,1,1464456520,3396.5396
13947,1,1464456522,3398.2903
13948,1,1464456523,3397.5176
13949,1,1464456525,3399.558
13950,1,1464456526,3399.027
13951,1,1464456528,3397.1375
13952,1,1464456529,3398.1233
13953,1,1464456530,3398.087
13954,1,1464456532,3397.9417
13955,1,1464456533,3397.5828
13956,1,1464456535,3398.0215
13957,1,1464456536,3399.586
13958,1,1464456538,3401.9712
13959,1,1464456539,3398.8352
13960,1,1464456541,3397.4421
13961,1,1464456542,3400.5403
13962,1,1464456544,3400.7922
13963,1,1464456545,3396.3362
13964,1,1464456547,3399.975
13965,1,1464456548,3399.765
13966,1,1464456549,3400.4858
13967,1,1464456551,3400.0151
13968,1,1464456552,3400.858
13969,1,1464456554,3402.428
13970,1,1464456555,3401.4463
13971,1,1464456557,3400.1387
13972,1,1464456558,3400.4744
13973,1,1464456560,3401.144
13974,1,1464456561,3400.4834
13975,1,1464456563,3399.6155
13976,1,1464456564,3398.5747
13977,1,1464456565,3398.2349
13978,1,1464456567,3399.4556
13979,1,1464456568,3399.4658
13980,1,1464456570,3400.231
13981,1,1464456571,3401.3354
13982,1,1464456573,3400.4368
13983,1,1464456574,3400.56
13984,1,1464456576,3398.6152
13985,1,1464456577,3398.1184
13986,1,1464456579,3398.519
13987,1,1464456580,3398.1692
13988,1,1464456581,3399.6716
13989,1,1464456583,3398.8594
13990,1,1464456584,3398.5896
13991,1,1464456586,3397.8862
13992,1,1464456587,3398.6743
13993,1,1464456589,3398.344
13994,1,1464456590,3399.3647
13995,1,1464456592,3395.9119
13996,1,1464456593,3397.9106
13997,1,1464456595,3397.8496
13998,1,1464456596,3395.7065
13999,1,1464456598,3397.6145
14000,1,1464456599,3396.0647
14001,1,1464456600,3396.7593
14002,1,1464456602,3395.7588
14003,1,1464456603,3396.629
14004,1,1464456605,3394.4973
14005,1,1464456606,3395.1025
14006,1,1464456608,3393.7764
14007,1,1464456609,3394.6077
14008,1,1464456611,3394.0056
14009,1,1464456612,3392.6536
14010,1,1464456614,3393.8862
14011,1,1464456615,3391.1484
14012,1,1464456616,3390.937
14013,1,1464456618,3391.436
14014,1,1464456619,3391.963
14015,1,1464456621,3394.9546
14016,1,1464456622,3393.3503
14017,1,1464456624,3390.4512
14018,1,1464456625,3390.4746
14019,1,1464456627,3389.743
14020,1,1464456628,3388.0408
14021,1,1464456630,3389.0671
14022,1,1464456631,3387.893
14023,1,1464456632,3387.052
14024,1,1464456634,3388.4177
14025,1,1464456635,3387.7703
14026,1,1464456637,3389.9556
14027,1,1464456638,3391.8003
14028,1,1464456640,3392.6653
14029,1,1464456641,3395.9524
14030,1,1464456643,3392.7007
14031,1,1464456644,3393.2122
14032,1,1464456646,3394.7554
14033,1,1464456647,3393.621
14034,1,1464456649,3391.3596
14035,1,1464456650,3390.4087
14036,1,1464456651,3392.5815
14037,1,1464456653,3391.117
14038,1,1464456654,3389.371
14039,1,1464456656,3389.4478
14040,1,1464456657,3390.2737
14041,1,1464456659,3391.9004
14042,1,1464456660,3390.0742
14043,1,1464456662,3390.9062
14044,1,1464456663,3391.358
14045,1,1464456665,3391.006
14046,1,1464456666,3391.7788
14047,1,1464456667,3388.2686
14048,1,1464456669,3391.8184
14049,1,1464456670,3388.6343
14050,1,1464456672,3391.4097
14051,1,1464456673,3388.753
14052,1,1464456675,3389.674
14053,1,1464456676,3390.351
14054,1,1464456678,3388.9722
14055,1,1464456679,3389.3892
14056,1,1464456681,3389.7153
14057,1,1464456682,3391.44
14058,1,1464456683,3390.8784
14059,1,1464456685,3391.4849
14060,1,1464456686,3390.5735
14061,1,1464456688,3392.2551
14062,1,1464456689,3389.3105
14063,1,1464456691,3390.2375
14064,1,1464456692,3389.7996
14065,1,1464456694,3389.38
14066,1,1464456695,3389.5388
14067,1,1464456697,3390.4944
14068,1,1464456698,3391.2732
14069,1,1464456700,3390.114
14070,1,1464456701,3389.229
14071,1,1464456702,3391.06
14072,1,1464456704,3391.117
14073,1,1464456705,3388.722
14074,1,1464456707,3388.3445
14075,1,1464456708,3388.1863
14076,1,1464456710,3387.0046
14077,1,1464456711,3388.2954
14078,1,1464456713,3389.0183
14079,1,1464456714,3386.642
14080,1,1464456716,3388.7832
14081,1,1464456717,3387.6729
14082,1,1464456718,3387.7207
14083,1,1464456720,3387.1313
14084,1,1464456721,3387.8044
14085,1,1464456723,3387.271
14086,1,1464456724,3388.048
14087,1,1464456726,3389.1982
14088,1,1464456727,3388.5234
14089,1,1464456729,3387.5393
14090,1,1464456730,3386.2183
14091,1,1464456732,3387.3054
14092,1,1464456733,3386.4663
14093,1,1464456734,3386.8684
14094,1,1464456736,3386.2502
14095,1,1464456737,3387.902
14096,1,1464456739,3385.9604
14097,1,1464456740,3388.2732
14098,1,1464456742,3386.5051
14099,1,1464456743,3387.089
14100,1,1464456745,3385.8914
14101,1,1464456746,3387.3513
14102,1,1464456748,3386.9392
14103,1,1464456749,3385.6602
14104,1,1464456750,3384.7158
14105,1,1464456752,3387.387
14106,1,1464456753,3385.9688
14107,1,1464456755,3386.6
14108,1,1464456756,3386.8901
14109,1,1464456758,3386.4448
14110,1,1464456759,3385.2595
14111,1,1464456761,3386.496
14112,1,1464456762,3386.4233
14113,1,1464456764,3387.1265
14114,1,1464456765,3387.6472
14115,1,1464456767,3386.712
14116,1,1464456768,3387.1262
14117,1,1464456769,3387.2327
14118,1,1464456771,3387.6562
14119,1,1464456772,3387.6538
14120,1,1464456774,3388.253
14121,1,1464456775,3388.3916
14122,1,1464456777,3387.8184
14123,1,1464456778,3386.3882
14124,1,1464456780,3386.815
14125,1,1464456781,3386.3901
14126,1,1464456783,3388.0667
14127,1,1464456784,3388.4653
14128,1,1464456785,3387.9663
14129,1,1464456787,3388.9524
14130,1,1464456788,3388.585
14131,1,1464456790,3388.7612
14132,1,1464456791,3389.1653
14133,1,1464456793,3389.8394
14134,1,1464456794,3388.88
14135,1,1464456796,3389.714
14136,1,1464456797,3388.9497
14137,1,1464456799,3387.6653
14138,1,1464456800,3387.322
14139,1,1464456801,3388.3325
14140,1,1464456803,3387.8867
14141,1,1464456804,3389.9033
14142,1,1464456806,3388.2808
14143,1,1464456807,3388.8557
14144,1,1464456809,3388.6382
14145,1,1464456810,3388.1814
14146,1,1464456812,3390.3977
14147,1,1464456813,3389.2964
14148,1,1464456815,3388.2893
14149,1,1464456816,3388.6306
14150,1,1464456818,3388.0825
14151,1,1464456819,3388.598
14152,1,1464456820,3388.242
14153,1,1464456822,3388.463
14154,1,1464456823,3389.1892
14155,1,1464456825,3388.1887
14156,1,1464456826,3386.6958
14157,1,1464456828,3388.961
14158,1,1464456829,3388.5999
14159,1,1464456831,3388.2925
14160,1,1464456832,3387.464
14161,1,1464456834,3387.4868
14162,1,1464456835,3387.8655
14163,1,1464456836,3387.3445
14164,1,1464456838,3388.1716
14165,1,1464456839,3387.4648
14166,1,1464456841,3387.3062
14167,1,1464456842,3387.2705
14168,1,1464456844,3387.8464
14169,1,1464456845,3387.8757
14170,1,1464456847,3385.8362
14171,1,1464456848,3386.5002
14172,1,1464456850,3387.9749
14173,1,1464456851,3386.1152
14174,1,1464456852,3388.7483
14175,1,1464456854,3388.0962
14176,1,1464456855,3388.2705
14177,1,1464456857,3388.6965
14178,1,1464456858,3388.6833
14179,1,1464456860,3389.3276
14180,1,1464456861,3388.6438
14181,1,1464456863,3388.661
14182,1,1464456864,3387.698
14183,1,1464456866,3388.7637
14184,1,1464456867,3388.3394
14185,1,1464456869,3389.6516
14186,1,1464456870,3389.2363
14187,1,1464456871,3388.3203
14188,1,1464456873,3389.04
14189,1,1464456874,3389.1484
14190,1,1464456876,3387.6125
14191,1,1464456877,3388.795
14192,1,1464456879,3388.9573
14193,1,1464456880,3389.2156
14194,1,1464456882,3387.1182
14195,1,1464456883,3388.0715
14196,1,1464456885,3390.2034
14197,1,1464456886,3389.93
14198,1,1464456887,3388.5105
14199,1,1464456889,3391.2031
14200,1,1464456890,3390.7039
14201,1,1464456892,3390.954
14202,1,1464456893,3390.5244
14203,1,1464456895,3389.8843
14204,1,1464456896,3388.5186
14205,1,1464456898,3390.5261
14206,1,1464456899,3390.0042
14207,1,1464456901,3389.928
14208,1,1464456902,3391.6907
14209,1,1464456903,3390.7637
14210,1,1464456905,3390.0063
14211,1,1464456906,3390.792
14212,1,1464456908,3389.7175
14213,1,1464456909,3390.339
14214,1,1464456911,3389.8914
14215,1,1464456912,3390.6123
14216,1,1464456914,3390.316
14217,1,1464456915,3389.7517
14218,1,1464456917,3390.6787
14219,1,1464456918,3391.3206
14220,1,1464456920,3390.0447
14221,1,1464456921,3392.0012
14222,1,1464456922,3391.2407
14223,1,1464456924,3391.9045
14224,1,1464456925,3390.9766
14225,1,1464456927,3391.6792
14226,1,1464456928,3387.6917
14227,1,1464456930,3389.5408
14228,1,1464456931,3388.6143
14229,1,1464456933,3388.7705
14230,1,1464456934,3388.4836
14231,1,1464456936,3388.7195
14232,1,1464456937,3389.8364
14233,1,1464456938,3388.0393
14234,1,1464456940,3388.9424
14235,1,1464456941,3389.297
14236,1,1464456943,3391.2402
14237,1,1464456944,3391.3528
14238,1,1464456946,3391.5195
14239,1,1464456947,3390.3455
14240,1,1464456949,3391.0842
14241,1,1464456950,3390.6907
14242,1,1464456952,3389.4583
14243,1,1464456953,3390.187
14244,1,1464456954,3388.8608
14245,1,1464456956,3387.108
14246,1,1464456957,3386.8936
14247,1,1464456959,3388.6206
14248,1,1464456960,3387.9019
14249,1,1464456962,3386.615
14250,1,1464456963,3385.903
14251,1,1464456965,3385.6575
14252,1,1464456966,3388.0107
14253,1,1464456968,3389.066
14254,1,1464456969,3389.012
14255,1,1464456970,3388.742
14256,1,1464456972,3388.224
14257,1,1464456973,3386.7053
14258,1,1464456975,3388.5317
14259,1,1464456976,3388.8027
14260,1,1464456978,3386.9958
14261,1,1464456979,3386.4272
14262,1,1464456981,3387.821
14263,1,1464456982,3386.8025
14264,1,1464456984,3386.7915
14265,1,1464456985,3388.6333
14266,1,1464456987,3388.593
14267,1,1464456988,3388.8948
14268,1,1464456989,3387.2346
14269,1,1464456991,3389.1025
14270,1,1464456992,3388.5435
14271,1,1464456994,3388.7986
14272,1,1464456995,3389.37
14273,1,1464456997,3388.4963
14274,1,1464456998,3387.5745
14275,1,1464457000,3388.8076
14276,1,1464457001,3388.126
14277,1,1464457003,3387.4333
14278,1,1464457004,3387.6326
14279,1,1464457005,3386.7253
14280,1,1464457007,3388.0205
14281,1,1464457008,3388.0535
14282,1,1464457010,3389.3757
14283,1,1464457011,3388.3374
14284,1,1464457013,3386.1233
14285,1,1464457014,3388.1282
14286,1,1464457016,3388.0396
14287,1,1464457017,3387.6548
14288,1,1464457019,3387.1655
14289,1,1464457020,3387.267
14290,1,1464457021,3386.5874
14291,1,1464457023,3388.7615
14292,1,1464457024,3385.991
14293,1,1464457026,3387.5974
14294,1,1464457027,3387.8308
14295,1,1464457029,3387.345
14296,1,1464457030,3387.8086
14297,1,1464457032,3387.5125
14298,1,1464457033,3387.4753
14299,1,1464457035,3387.2983
14300,1,1464457036,3387.1196
14301,1,1464457038,3387.6965
14302,1,1464457039,3386.849
14303,1,1464457040,3388.4326
14304,1,1464457042,3389.1826
14305,1,1464457043,3388.32
14306,1,1464457045,3387.479
14307,1,1464457046,3386.978
14308,1,1464457048,3388.91
14309,1,1464457049,3387.2998
14310,1,1464457051,3386.772
14311,1,1464457052,3386.4143
14312,1,1464457054,3387.6155
14313,1,1464457055,3388.7988
14314,1,1464457056,3385.8516
14315,1,1464457058,3386.9631
14316,1,1464457059,3385.9944
14317,1,1464457061,3386.6223
14318,1,1464457062,3386.5374
14319,1,1464457064,3385.71
14320,1,1464457065,3385.205
14321,1,1464457067,3386.3752
14322,1,1464457068,3385.7302
14323,1,1464457070,3385.6963
14324,1,1464457071,3384.7183
14325,1,1464457072,3385.07
14326,1,1464457074,3385.2715
14327,1,1464457075,3383.875
14328,1,1464457077,3383.0842
14329,1,1464457078,3383.3054
14330,1,1464457080,3383.2827
14331,1,1464457081,3381.2393
14332,1,1464457083,3385.1467
14333,1,1464457084,3382.3647
14334,1,1464457086,3383.2126
14335,1,1464457087,3383.3035
14336,1,1464457089,3384.4404
14337,1,1464457090,3383.2017
14338,1,1464457091,3384.3435
14339,1,1464457093,3384.516
14340,1,1464457094,3384.8113
14341,1,1464457096,3383.5417
14342,1,1464457097,3384.3438
14343,1,1464457099,3385.488
14344,1,1464457100,3383.1248
14345,1,1464457102,3383.582
14346,1,1464457103,3384.1118
14347,1,1464457105,3385.825
14348,1,1464457106,3385.0994
14349,1,1464457107,3381.9478
14350,1,1464457109,3383.8245
14351,1,1464457110,3383.9043
14352,1,1464457112,3382.9177
14353,1,1464457113,3381.753
14354,1,1464457115,3385.2705
14355,1,1464457116,3384.5864
14356,1,1464457118,3385.1494
14357,1,1464457119,3386.5818
14358,1,1464457121,3386.0823
14359,1,1464457122,3385.4805
14360,1,1464457123,3384.1538
14361,1,1464457125,3386.9998
14362,1,1464457126,3389.4648
14363,1,1464457128,3386.4705
14364,1,1464457129,3384.8152
14365,1,1464457131,3384.4639
14366,1,1464457132,3385.5078
14367,1,1464457134,3383.9333
14368,1,1464457135,3380.916
14369,1,1464457137,3384.714
14370,1,1464457138,3383.1592
14371,1,1464457139,3382.6187
14372,1,1464457141,3384.0393
14373,1,1464457142,3389.3816
14374,1,1464457144,3392.7297
14375,1,1464457145,3388.0383
14376,1,1464457147,3388.1143
14377,1,1464457148,3390.9622
14378,1,1464457150,3385.1108
14379,1,1464457151,3388.209
14380,1,1464457153,3388.4214
14381,1,1464457154,3387.4392
14382,1,1464457156,3386.7327
14383,1,1464457157,3386.2754
14384,1,1464457158,3384.306
14385,1,1464457160,3385.6033
14386,1,1464457161,3384.3838
14387,1,1464457163,3384.834
14388,1,1464457164,3382.3975
14389,1,1464457166,3384.166
14390,1,1464457167,3384.6013
14391,1,1464457169,3382.844
14392,1,1464457170,3382.5652
14393,1,1464457172,3383.6726
14394,1,1464457173,3384.08
14395,1,1464457174,3384.0881
14396,1,1464457176,3383.1572
14397,1,1464457177,3382.0637
14398,1,1464457179,3383.3176
14399,1,1464457180,3379.7332
14400,1,1464457182,3381.9905
14401,1,1464457183,3381.401
14402,1,1464457185,3380.5063
14403,1,1464457186,3379.3708
14404,1,1464457188,3379.507
14405,1,1464457189,3382.2522
14406,1,1464457190,3382.2422
14407,1,1464457192,3380.1687
14408,1,1464457193,3380.6282
14409,1,1464457195,3380.3665
14410,1,1464457196,3379.622
14411,1,1464457198,3379.126
14412,1,1464457199,3378.1633
14413,1,1464457201,3379.0493
14414,1,1464457202,3379.836
14415,1,1464457204,3379.2837
14416,1,1464457205,3377.6013
14417,1,1464457207,3375.8923
14418,1,1464457208,3376.8557
14419,1,1464457209,3378.0308
14420,1,1464457211,3376.707
14421,1,1464457212,3378.5376
14422,1,1464457214,3376.7178
14423,1,1464457215,3378.777
14424,1,1464457217,3376.4841
14425,1,1464457218,3376.9434
14426,1,1464457220,3377.1743
14427,1,1464457221,3375.3628
14428,1,1464457223,3376.1619
14429,1,1464457224,3378.4272
14430,1,1464457225,3376.0308
14431,1,1464457227,3377.883
14432,1,1464457228,3377.614
14433,1,1464457230,3377.3086
14434,1,1464457231,3377.0886
14435,1,1464457233,3378.824
14436,1,1464457234,3378.8298
14437,1,1464457236,3376.3936
14438,1,1464457237,3378.8267
14439,1,1464457239,3377.628
14440,1,1464457240,3377.521
14441,1,1464457241,3379.0303
14442,1,1464457243,3378.2803
14443,1,1464457244,3376.0596
14444,1,1464457246,3377.3474
14445,1,1464457247,3376.774
14446,1,1464457249,3377.103
14447,1,1464457250,3378.5095
14448,1,1464457252,3377.522
14449,1,1464457253,3377.182
14450,1,1464457255,3378.2542
14451,1,1464457256,3377.8652
14452,1,1464457258,3377.4727
14453,1,1464457259,3377.7542
14454,1,1464457260,3376.4077
14455,1,1464457262,3377.2205
14456,1,1464457263,3377.2124
14457,1,1464457265,3377.131
14458,1,1464457266,3378.358
14459,1,1464457268,3379.14
14460,1,1464457269,3379.633
14461,1,1464457271,3378.414
14462,1,1464457272,3376.7754
14463,1,1464457274,3376.6292
14464,1,1464457275,3378.1177
14465,1,1464457276,3377.3606
14466,1,1464457278,3375.888
14467,1,1464457279,3376.9094
14468,1,1464457281,3376.6174
14469,1,1464457282,3377.891
14470,1,1464457284,3377.5393
14471,1,1464457285,3378.649
14472,1,1464457287,3380.8645
14473,1,1464457288,3379.9631
14474,1,1464457290,3380.2717
14475,1,1464457291,3381.4873
14476,1,1464457292,3380.899
14477,1,1464457294,3380.9827
14478,1,1464457295,3380.987
14479,1,1464457297,3381.267
14480,1,1464457298,3380.1626
14481,1,1464457300,3380.1113
14482,1,1464457301,3379.3674
14483,1,1464457303,3379.2104
14484,1,1464457304,3379.309
14485,1,1464457306,3378.1895
14486,1,1464457307,3379.014
14487,1,1464457309,3378.2983
14488,1,1464457310,3380.6448
14489,1,1464457311,3380.3552
14490,1,1464457313,3378.8657
14491,1,1464457314,3379.2102
14492,1,1464457316,3380.5164
14493,1,1464457317,3379.7844
14494,1,1464457319,3380.709
14495,1,1464457320,3380.8616
14496,1,1464457322,3380.8296
14497,1,1464457323,3381.948
14498,1,1464457325,3382.1238
14499,1,1464457326,3383.1006
14500,1,1464457327,3382.515
14501,1,1464457329,3382.8167
14502,1,1464457330,3383.0264
14503,1,1464457332,3383.9585
14504,1,1464457333,3381.4219
14505,1,1464457335,3381.2695
14506,1,1464457336,3381.9326
14507,1,1464457338,3382.6445
14508,1,1464457339,3382.8591
14509,1,1464457341,3382.4368
14510,1,1464457342,3383.2354
14511,1,1464457343,3382.676
14512,1,1464457345,3381.1016
14513,1,1464457346,3383.951
14514,1,1464457348,3381.941
14515,1,1464457349,3383.4912
14516,1,1464457351,3381.8633
14517,1,1464457352,3384.7717
14518,1,1464457354,3384.8425
14519,1,1464457355,3384.7854
14520,1,1464457357,3383.6003
14521,1,1464457358,3382.5408
14522,1,1464457359,3384.1533
14523,1,1464457361,3383.012
14524,1,1464457362,3383.8362
14525,1,1464457364,3384.02
14526,1,1464457365,3381.6692
14527,1,1464457367,3382.4246
14528,1,1464457368,3382.3257
14529,1,1464457370,3380.037
14530,1,1464457371,3379.6665
14531,1,1464457373,3379.1057
14532,1,1464457374,3380.9434
14533,1,1464457376,3382.1575
14534,1,1464457377,3383.7605
14535,1,1464457378,3383.603
14536,1,1464457380,3383.3403
14537,1,1464457381,3383.332
14538,1,1464457383,3383.453
14539,1,1464457384,3383.179
14540,1,1464457386,3383.3235
14541,1,1464457387,3381.8506
14542,1,1464457389,3381.7593
14543,1,1464457390,3380.6597
14544,1,1464457392,3381.5825
14545,1,1464457393,3380.4797
14546,1,1464457394,3380.2837
14547,1,1464457396,3379.9048
14548,1,1464457397,3378.831
14549,1,1464457399,3379.1685
14550,1,1464457400,3378.8577
14551,1,1464457402,3377.9001
14552,1,1464457403,3376.7942
14553,1,1464457405,3376.5054
14554,1,1464457406,3377.5251
14555,1,1464457408,3375.5776
14556,1,1464457409,3374.5881
14557,1,1464457410,3376.3179
14558,1,1464457412,3375.0747
14559,1,1464457413,3375.8333
14560,1,1464457415,3375.0715
14561,1,1464457416,3373.9893
14562,1,1464457418,3376.6714
14563,1,1464457419,3374.64
14564,1,1464457421,3375.6414
14565,1,1464457422,3375.5193
14566,1,1464457424,3375.5083
14567,1,1464457425,3375.6511
14568,1,1464457427,3375.2188
14569,1,1464457428,3375.466
14570,1,1464457429,3376.3376
14571,1,1464457431,3376.8862
14572,1,1464457432,3374.1797
14573,1,1464457434,3372.829
14574,1,1464457435,3373.7454
14575,1,1464457437,3368.8914
14576,1,1464457438,3368.183
14577,1,1464457440,3369.1045
14578,1,1464457441,3376.6348
14579,1,1464457443,3373.926
14580,1,1464457444,3371.5908
14581,1,1464457445,3371.6953
14582,1,1464457447,3379.8508
14583,1,1464457448,3377.259
14584,1,1464457450,3375.5667
14585,1,1464457451,3373.2974
14586,1,1464457453,3375.2964
14587,1,1464457454,3372.2856
14588,1,1464457456,3373.0496
14589,1,1464457457,3372.092
14590,1,1464457459,3373.2512
14591,1,1464457460,3373.9521
14592,1,1464457461,3372.7373
14593,1,1464457463,3371.2993
14594,1,1464457464,3371.2085
14595,1,1464457466,3370.875
14596,1,1464457467,3372.0522
14597,1,1464457469,3371.5098
14598,1,1464457470,3373.5022
14599,1,1464457472,3371.634
14600,1,1464457473,3373.551
14601,1,1464457475,3372.6492
14602,1,1464457476,3372.3105
14603,1,1464457478,3371.5469
14604,1,1464457479,3373.3945
14605,1,1464457480,3371.4458
14606,1,1464457482,3372.3687
14607,1,1464457483,3371.6265
14608,1,1464457485,3373.1658
14609,1,1464457486,3371.9192
14610,1,1464457488,3372.653
14611,1,1464457489,3372.8896
14612,1,1464457491,3373.7778
14613,1,1464457492,3371.5127
14614,1,1464457494,3373.125
14615,1,1464457495,3373.023
14616,1,1464457496,3372.4993
14617,1,1464457498,3371.7578
14618,1,1464457499,3371.976
14619,1,1464457501,3372.7534
14620,1,1464457502,3368.966
14621,1,1464457504,3371.4966
14622,1,1464457505,3372.2256
14623,1,1464457507,3372.0718
14624,1,1464457508,3371.8772
14625,1,1464457510,3371.8132
14626,1,1464457511,3372.15
14627,1,1464457512,3371.1897
14628,1,1464457514,3371.355
14629,1,1464457515,3372.152
14630,1,1464457517,3371.3645
14631,1,1464457518,3371.4502
14632,1,1464457520,3368.078
14633,1,1464457521,3367.1833
14634,1,1464457523,3368.1816
14635,1,1464457524,3367.2856
14636,1,1464457526,3368.7783
14637,1,1464457527,3368.9758
14638,1,1464457528,3367.512
14639,1,1464457530,3368.3408
14640,1,1464457531,3369.607
14641,1,1464457533,3368.919
14642,1,1464457534,3370.2207
14643,1,1464457536,3369.079
14644,1,1464457537,3369.9626
14645,1,1464457539,3368.0623
14646,1,1464457540,3368.3633
14647,1,1464457542,3367.6833
14648,1,1464457543,3367.153
14649,1,1464457545,3367.4363
14650,1,1464457546,3368.5142
14651,1,1464457547,3367.226
14652,1,1464457549,3366.84
14653,1,1464457550,3366.711
14654,1,1464457552,3367.6848
14655,1,1464457553,3367.8948
14656,1,1464457555,3368.2031
14657,1,1464457556,3368.763
14658,1,1464457558,3367.5596
14659,1,1464457559,3368.7026
14660,1,1464457561,3368.8606
14661,1,1464457562,3369.4446
14662,1,1464457563,3367.0725
14663,1,1464457565,3368.9316
14664,1,1464457566,3369.7463
14665,1,1464457568,3369.8586
14666,1,1464457569,3371.2559
14667,1,1464457571,3369.1619
14668,1,1464457572,3366.354
14669,1,1464457574,3367.1619
14670,1,1464457575,3366.5312
14671,1,1464457577,3366.3933
14672,1,1464457578,3366.1045
14673,1,1464457579,3367.6736
14674,1,1464457581,3368.042
14675,1,1464457582,3369.0918
14676,1,1464457584,3367.7842
14677,1,1464457585,3369.4492
14678,1,1464457587,3370.4827
14679,1,1464457588,3372.5422
14680,1,1464457590,3371.702
14681,1,1464457591,3370.673
14682,1,1464457593,3370.0056
14683,1,1464457594,3371.0398
14684,1,1464457596,3370.9175
14685,1,1464457597,3371.1504
14686,1,1464457598,3371.3335
14687,1,1464457600,3371.1982
14688,1,1464457601,3369.6982
14689,1,1464457603,3368.8943
14690,1,1464457604,3367.771
14691,1,1464457606,3367.6367
14692,1,1464457607,3368.18
14693,1,1464457609,3368.5103
14694,1,1464457610,3367.0469
14695,1,1464457612,3366.0566
14696,1,1464457613,3367.985
14697,1,1464457614,3368.0574
14698,1,1464457616,3366.57
14699,1,1464457617,3368.1272
14700,1,1464457619,3368.4927
14701,1,1464457620,3368.9644
14702,1,1464457622,3367.6343
14703,1,1464457623,3368.1692
14704,1,1464457625,3366.6296
14705,1,1464457626,3368.5137
14706,1,1464457628,3368.797
14707,1,1464457629,3366.4453
14708,1,1464457630,3366.0896
14709,1,1464457632,3366.186
14710,1,1464457633,3367.552
14711,1,1464457635,3366.008
14712,1,1464457636,3367.2024
14713,1,1464457638,3367.8218
14714,1,1464457639,3365.7034
14715,1,1464457641,3364.8838
14716,1,1464457642,3365.5823
14717,1,1464457644,3366.1477
14718,1,1464457645,3364.8276
14719,1,1464457647,3363.1238
14720,1,1464457648,3364.597
14721,1,1464457649,3364.226
14722,1,1464457651,3363.1719
14723,1,1464457652,3363.7637
14724,1,1464457654,3366.03
14725,1,1464457655,3364.4744
14726,1,1464457657,3364.7725
14727,1,1464457658,3363.0996
14728,1,1464457660,3365.5635
14729,1,1464457661,3366.1697
14730,1,1464457663,3365.7627
14731,1,1464457664,3364.948
14732,1,1464457665,3364.8564
14733,1,1464457667,3365.0303
14734,1,1464457668,3363.5212
14735,1,1464457670,3366.649
14736,1,1464457671,3364.674
14737,1,1464457673,3367.5034
14738,1,1464457674,3364.333
14739,1,1464457676,3366.5278
14740,1,1464457677,3365.155
14741,1,1464457679,3365.4443
14742,1,1464457680,3366.421
14743,1,1464457681,3365.5105
14744,1,1464457683,3365.7996
14745,1,1464457684,3363.5793
14746,1,1464457686,3364.4595
14747,1,1464457687,3364.252
14748,1,1464457689,3365.6865
14749,1,1464457690,3363.6045
14750,1,1464457692,3365.193
14751,1,1464457693,3362.8843
14752,1,1464457695,3364.7048
14753,1,1464457696,3362.8215
14754,1,1464457698,3362.8938
14755,1,1464457699,3363.2766
14756,1,1464457700,3364.951
14757,1,1464457702,3365.0105
14758,1,1464457703,3364.3242
14759,1,1464457705,3364.4663
14760,1,1464457706,3363.7117
14761,1,1464457708,3364.8728
14762,1,1464457709,3363.1216
14763,1,1464457711,3362.9614
14764,1,1464457712,3362.712
14765,1,1464457714,3363.208
14766,1,1464457715,3363.841
14767,1,1464457716,3364.7861
14768,1,1464457718,3366.805
14769,1,1464457719,3369.6582
14770,1,1464457721,3369.3064
14771,1,1464457722,3365.0818
14772,1,1464457724,3360.9333
14773,1,1464457725,3361.834
14774,1,1464457727,3363.462
14775,1,1464457728,3363.883
14776,1,1464457730,3360.07
14777,1,1464457731,3363.7708
14778,1,1464457732,3362.5325
14779,1,1464457734,3362.1943
14780,1,1464457735,3363.9927
14781,1,1464457737,3366.7742
14782,1,1464457738,3368.7478
14783,1,1464457740,3367.607
14784,1,1464457741,3365.342
14785,1,1464457743,3364.066
14786,1,1464457744,3364.6975
14787,1,1464457746,3366.9546
14788,1,1464457747,3366.5718
14789,1,1464457748,3364.9543
14790,1,1464457750,3364.692
14791,1,1464457751,3364.2488
14792,1,1464457753,3365.0613
14793,1,1464457754,3364.1826
14794,1,1464457756,3363.2898
14795,1,1464457757,3362.6995
14796,1,1464457759,3362.901
14797,1,1464457760,3362.9473
14798,1,1464457762,3361.7034
14799,1,1464457763,3363.0369
14800,1,1464457765,3363.9229
14801,1,1464457766,3362.176
14802,1,1464457767,3363.657
14803,1,1464457769,3361.2708
14804,1,1464457770,3363.8342
14805,1,1464457772,3363.2122
14806,1,1464457773,3362.5398
14807,1,1464457775,3361.34
14808,1,1464457776,3361.849
14809,1,1464457778,3362.169
14810,1,1464457779,3363.9631
14811,1,1464457781,3361.8613
14812,1,1464457782,3361.8413
14813,1,1464457783,3362.5356
14814,1,1464457785,3362.507
14815,1,1464457786,3361.3118
14816,1,1464457788,3360.631
14817,1,1464457789,3362.0002
14818,1,1464457791,3363.2947
14819,1,1464457792,3364.2756
14820,1,1464457794,3363.77
14821,1,1464457795,3363.7886
14822,1,1464457797,3365.9495
14823,1,1464457798,3362.1255
14824,1,1464457799,3364.0012
14825,1,1464457801,3363.3918
14826,1,1464457802,3365.6465
14827,1,1464457804,3361.9675
14828,1,1464457805,3363.201
14829,1,1464457807,3363.015
14830,1,1464457808,3362.8567
14831,1,1464457810,3363.3628
14832,1,1464457811,3362.1895
14833,1,1464457813,3361.3225
14834,1,1464457814,3361.7312
14835,1,1464457816,3362.3523
14836,1,1464457817,3363.8333
14837,1,1464457818,3362.023
14838,1,1464457820,3363.0977
14839,1,1464457821,3362.8088
14840,1,1464457823,3362.2285
14841,1,1464457824,3362.8472
14842,1,1464457826,3362.0022
14843,1,1464457827,3363.4055
14844,1,1464457829,3361.837
14845,1,1464457830,3363.85
14846,1,1464457832,3364.256
14847,1,1464457833,3363.4583
14848,1,1464457834,3363.4736
14849,1,1464457836,3364.3367
14850,1,1464457837,3366.1938
14851,1,1464457839,3366.4858
14852,1,1464457840,3366.0293
14853,1,1464457842,3363.6067
14854,1,1464457843,3361.2869
14855,1,1464457845,3362.0305
14856,1,1464457846,3362.2183
14857,1,1464457848,3359.2727
14858,1,1464457849,3362.0913
14859,1,1464457850,3360.778
14860,1,1464457852,3360.6782
14861,1,1464457853,3360.612
14862,1,1464457855,3361.1038
14863,1,1464457856,3364.077
14864,1,1464457858,3364.1387
14865,1,1464457859,3363.1897
14866,1,1464457861,3363.2202
14867,1,1464457862,3364.317
14868,1,1464457864,3364.556
14869,1,1464457865,3364.352
14870,1,1464457867,3364.931
14871,1,1464457868,3363.3079
14872,1,1464457869,3362.2285
14873,1,1464457871,3362.3604
14874,1,1464457872,3362.6753
14875,1,1464457874,3362.593
14876,1,1464457875,3361.697
14877,1,1464457877,3362.374
14878,1,1464457878,3360.8198
14879,1,1464457880,3361.8992
14880,1,1464457881,3362.2356
14881,1,1464457883,3361.8962
14882,1,1464457884,3362.2473
14883,1,1464457885,3360.5408
14884,1,1464457887,3361.886
14885,1,1464457888,3361.4114
14886,1,1464457890,3363.3704
14887,1,1464457891,3362.001
14888,1,1464457893,3362.5146
14889,1,1464457894,3362.4067
14890,1,1464457896,3362.1738
14891,1,1464457897,3362.1062
14892,1,1464457899,3362.7363
14893,1,1464457900,3364.0037
14894,1,1464457901,3362.4768
14895,1,1464457903,3362.7786
14896,1,1464457904,3362.804
14897,1,1464457906,3360.7778
14898,1,1464457907,3362.2808
14899,1,1464457909,3360.9985
14900,1,1464457910,3360.3245
14901,1,1464457912,3361.9304
14902,1,1464457913,3362.2625
14903,1,1464457915,3363.126
14904,1,1464457916,3361.901
14905,1,1464457917,3363.8357
14906,1,1464457919,3363.0728
14907,1,1464457920,3362.8555
14908,1,1464457922,3362.2207
14909,1,1464457923,3362.6328
14910,1,1464457925,3361.1587
14911,1,1464457926,3362.4775
14912,1,1464457928,3362.7583
14913,1,1464457929,3360.532
14914,1,1464457931,3362.381
14915,1,1464457932,3361.6536
14916,1,1464457934,3360.6235
14917,1,1464457935,3360.7812
14918,1,1464457936,3362.1143
14919,1,1464457938,3359.9224
14920,1,1464457939,3361.9429
14921,1,1464457941,3362.7583
14922,1,1464457942,3361.9336
14923,1,1464457944,3360.9739
14924,1,1464457945,3359.7124
14925,1,1464457947,3360.106
14926,1,1464457948,3360.8542
14927,1,1464457950,3360.2178
14928,1,1464457951,3359.2456
14929,1,1464457952,3361.0327
14930,1,1464457954,3360.093
14931,1,1464457955,3360.6494
14932,1,1464457957,3361.419
14933,1,1464457958,3359.4604
14934,1,1464457960,3360.759
14935,1,1464457961,3360.3557
14936,1,1464457963,3359.861
14937,1,1464457964,3359.2446
14938,1,1464457966,3358.1006
14939,1,1464457967,3357.495
14940,1,1464457968,3359.559
14941,1,1464457970,3357.9863
14942,1,1464457971,3358.3555
14943,1,1464457973,3358.3223
14944,1,1464457974,3357.9011
14945,1,1464457976,3357.529
14946,1,1464457977,3357.7283
14947,1,1464457979,3358.8098
14948,1,1464457980,3358.3499
14949,1,1464457982,3357.4834
14950,1,1464457983,3358.1636
14951,1,1464457985,3358.2158
14952,1,1464457986,3358.0393
14953,1,1464457987,3359.0872
14954,1,1464457989,3359.196
14955,1,1464457990,3358.1877
14956,1,1464457992,3358.4666
14957,1,1464457993,3359.6082
14958,1,1464457995,3360.5718
14959,1,1464457996,3364.4468
14960,1,1464457998,3359.9814
14961,1,1464457999,3356.384
14962,1,1464458001,3354.419
14963,1,1464458002,3359.2266
14964,1,1464458003,3357.307
14965,1,1464458005,3356.2998
14966,1,1464458006,3358.0269
14967,1,1464458008,3357.2913
14968,1,1464458009,3360.7422
14969,1,1464458011,3359.6538
14970,1,1464458012,3362.5874
14971,1,1464458014,3366.614
14972,1,1464458015,3364.8506
14973,1,1464458017,3363.585
14974,1,1464458018,3362.1973
14975,1,1464458019,3363.509
14976,1,1464458021,3364.185
14977,1,1464458022,3365.0583
14978,1,1464458024,3363.1277
14979,1,1464458025,3362.3875
14980,1,1464458027,3361.4944
14981,1,1464458028,3362.2354
14982,1,1464458030,3361.2024
14983,1,1464458031,3362.211
14984,1,1464458033,3361.5286
14985,1,1464458034,3360.945
14986,1,1464458036,3360.271
14987,1,1464458037,3360.2356
14988,1,1464458038,3359.9583
14989,1,1464458040,3360.4019
14990,1,1464458041,3361.954
14991,1,1464458043,3361.2842
14992,1,1464458044,3361.4219
14993,1,1464458046,3361.1934
14994,1,1464458047,3360.6812
14995,1,1464458049,3361.0527
14996,1,1464458050,3361.6277
14997,1,1464458052,3361.231
14998,1,1464458053,3361.9912
14999,1,1464458054,3360.4626
15000,1,1464458056,3361.607
15001,1,1464458057,3361.2688
15002,1,1464458059,3360.8057
15003,1,1464458060,3361.8682
15004,1,1464458062,3360.813
15005,1,1464458063,3360.7576
15006,1,1464458065,3360.4985
15007,1,1464458066,3360.6204
15008,1,1464458068,3360.1782
15009,1,1464458069,3361.3965
15010,1,1464458070,3360.9224
15011,1,1464458072,3361.1968
15012,1,1464458073,3361.709
15013,1,1464458075,3361.4062
15014,1,1464458076,3359.4097
15015,1,1464458078,3361.164
15016,1,1464458079,3360.2554
15017,1,1464458081,3359.8948
15018,1,1464458082,3359.077
15019,1,1464458084,3359.6047
15020,1,1464458085,3358.7405
15021,1,1464458086,3358.7097
15022,1,1464458088,3359.8882
15023,1,1464458089,3358.0676
15024,1,1464458091,3358.2554
15025,1,1464458092,3358.8337
15026,1,1464458094,3359.5852
15027,1,1464458095,3358.2463
15028,1,1464458097,3359.5847
15029,1,1464458098,3358.0217
15030,1,1464458100,3358.0522
15031,1,1464458101,3358.307
15032,1,1464458103,3357.9683
15033,1,1464458104,3357.5151
15034,1,1464458105,3359.5159
15035,1,1464458107,3357.7964
15036,1,1464458108,3358.7014
15037,1,1464458110,3358.9177
15038,1,1464458111,3362.3628
15039,1,1464458113,3362.2305
15040,1,1464458114,3360.0857
15041,1,1464458116,3357.4556
15042,1,1464458117,3356.739
15043,1,1464458119,3359.3591
15044,1,1464458120,3358.2212
15045,1,1464458121,3353.6401
15046,1,1464458123,3357.3442
15047,1,1464458124,3358.0002
15048,1,1464458126,3358.0635
15049,1,1464458127,3358.779
15050,1,1464458129,3360.5552
15051,1,1464458130,3363.1052
15052,1,1464458132,3363.8123
15053,1,1464458133,3362.265
15054,1,1464458135,3361.2532
15055,1,1464458136,3362.9617
15056,1,1464458137,3361.7878
15057,1,1464458139,3362.795
15058,1,1464458140,3361.0615
15059,1,1464458142,3362.4114
15060,1,1464458143,3361.3477
15061,1,1464458145,3359.9065
15062,1,1464458146,3359.9302
15063,1,1464458148,3361.0276
15064,1,1464458149,3359.7668
15065,1,1464458151,3358.584
15066,1,1464458152,3360.9653
15067,1,1464458154,3359.1758
15068,1,1464458155,3358.8645
15069,1,1464458156,3358.3347
15070,1,1464458158,3358.0837
15071,1,1464458159,3358.751
15072,1,1464458161,3358.1533
15073,1,1464458162,3359.3625
15074,1,1464458164,3358.769
15075,1,1464458165,3359.025
15076,1,1464458167,3359.9895
15077,1,1464458168,3360.7937
15078,1,1464458170,3359.7317
15079,1,1464458171,3360.3003
15080,1,1464458172,3361.718
15081,1,1464458174,3361.0105
15082,1,1464458175,3359.7349
15083,1,1464458177,3360.063
15084,1,1464458178,3360.4045
15085,1,1464458180,3358.3228
15086,1,1464458181,3359.125
15087,1,1464458183,3360.2292
15088,1,1464458184,3359.117
15089,1,1464458186,3358.8967
15090,1,1464458187,3359.4998
15091,1,1464458188,3359.167
15092,1,1464458190,3358.5315
15093,1,1464458191,3360.8218
15094,1,1464458193,3357.6555
15095,1,1464458194,3358.7004
15096,1,1464458196,3359.8704
15097,1,1464458197,3358.3044
15098,1,1464458199,3359.2424
15099,1,1464458200,3359.4001
15100,1,1464458202,3359.167
15101,1,1464458203,3359.132
15102,1,1464458205,3358.4285
15103,1,1464458206,3358.076
15104,1,1464458207,3358.3423
15105,1,1464458209,3358.5725
15106,1,1464458210,3359.7341
15107,1,1464458212,3358.287
15108,1,1464458213,3359.1812
15109,1,1464458215,3357.7031
15110,1,1464458216,3358.5415
15111,1,1464458218,3359.8992
15112,1,1464458219,3358.3555
15113,1,1464458221,3358.1824
15114,1,1464458222,3359.2341
15115,1,1464458223,3357.6594
15116,1,1464458225,3357.1772
15117,1,1464458226,3358.5361
15118,1,1464458228,3357.7861
15119,1,1464458229,3358.5605
15120,1,1464458231,3360.2415
15121,1,1464458232,3358.0078
15122,1,1464458234,3359.2764
15123,1,1464458235,3359.7043
15124,1,1464458237,3358.8591
15125,1,1464458238,3358.39
15126,1,1464458239,3357.0767
15127,1,1464458241,3358.0312
15128,1,1464458242,3357.4905
15129,1,1464458244,3359.802
15130,1,1464458245,3356.9365
15131,1,1464458247,3358.1257
15132,1,1464458248,3357.2004
15133,1,1464458250,3359.021
15134,1,1464458251,3358.0933
15135,1,1464458253,3356.8267
15136,1,1464458254,3356.1016
15137,1,1464458256,3357.5815
15138,1,1464458257,3356.9539
15139,1,1464458258,3356.0977
15140,1,1464458260,3358.7144
15141,1,1464458261,3358.378
15142,1,1464458263,3357.9949
15143,1,1464458264,3357.4578
15144,1,1464458266,3355.5027
15145,1,1464458267,3356.5854
15146,1,1464458269,3356.1763
15147,1,1464458270,3357.997
15148,1,1464458272,3355.9102
15149,1,1464458273,3358.8247
15150,1,1464458274,3360.4832
15151,1,1464458276,3358.265
15152,1,1464458277,3355.209
15153,1,1464458279,3352.7773
15154,1,1464458280,3354.3162
15155,1,1464458282,3354.631
15156,1,1464458283,3352.349
15157,1,1464458285,3354.035
15158,1,1464458286,3355.5356
15159,1,1464458288,3355.2021
15160,1,1464458289,3355.2437
15161,1,1464458290,3356.961
15162,1,1464458292,3360.3005
15163,1,1464458293,3361.2742
15164,1,1464458295,3357.6475
15165,1,1464458296,3358.0735
15166,1,1464458298,3356.7117
15167,1,1464458299,3356.8992
15168,1,1464458301,3357.326
15169,1,1464458302,3358.137
15170,1,1464458304,3356.434
15171,1,1464458305,3356.1978
15172,1,1464458306,3357.0522
15173,1,1464458308,3355.728
15174,1,1464458309,3354.3801
15175,1,1464458311,3354.2822
15176,1,1464458312,3355.039
15177,1,1464458314,3355.03
15178,1,1464458315,3354.796
15179,1,1464458317,3354.9377
15180,1,1464458318,3353.9136
15181,1,1464458320,3355.2317
15182,1,1464458321,3357.4624
15183,1,1464458323,3354.7417
15184,1,1464458324,3358.9126
15185,1,1464458325,3355.3962
15186,1,1464458327,3356.6372
15187,1,1464458328,3356.8823
15188,1,1464458330,3355.357
15189,1,1464458331,3359.0894
15190,1,1464458333,3354.9414
15191,1,1464458334,3358.3967
15192,1,1464458336,3355.1094
15193,1,1464458337,3355.8164
15194,1,1464458339,3356.8132
15195,1,1464458340,3356.2507
15196,1,1464458341,3354.9685
15197,1,1464458343,3355.876
15198,1,1464458344,3354.6045
15199,1,1464458346,3358.2036
15200,1,1464458347,3356.2585
15201,1,1464458349,3356.112
15202,1,1464458350,3355.0679
15203,1,1464458352,3356.597
15204,1,1464458353,3356.467
15205,1,1464458355,3355.1162
15206,1,1464458356,3355.219
15207,1,1464458357,3354.814
15208,1,1464458359,3355.0032
15209,1,1464458360,3355.0498
15210,1,1464458362,3354.22
15211,1,1464458363,3354.3438
15212,1,1464458365,3353.6226
15213,1,1464458366,3353.3638
15214,1,1464458368,3353.9465
15215,1,1464458369,3352.765
15216,1,1464458371,3352.8518
15217,1,1464458372,3352.0247
15218,1,1464458374,3353.918
15219,1,1464458375,3354.1084
15220,1,1464458376,3352.6653
15221,1,1464458378,3352.2969
15222,1,1464458379,3352.955
15223,1,1464458381,3352.5593
15224,1,1464458382,3353.9236
15225,1,1464458384,3353.298
15226,1,1464458385,3352.453
15227,1,1464458387,3353.1968
15228,1,1464458388,3351.687
15229,1,1464458390,3353.2854
15230,1,1464458391,3353.6326
15231,1,1464458392,3353.3088
15232,1,1464458394,3351.7375
15233,1,1464458395,3351.1235
15234,1,1464458397,3350.991
15235,1,1464458398,3350.5503
15236,1,1464458400,3348.7673
15237,1,1464458401,3350.195
15238,1,1464458403,3350.0947
15239,1,1464458404,3352.0461
15240,1,1464458406,3349.3325
15241,1,1464458407,3352.0498
15242,1,1464458408,3353.518
15243,1,1464458410,3352.9905
15244,1,1464458411,3355.2007
15245,1,1464458413,3352.5132
15246,1,1464458414,3353.2197
15247,1,1464458416,3354.0542
15248,1,1464458417,3353.9077
15249,1,1464458419,3353.5632
15250,1,1464458420,3353.8691
15251,1,1464458422,3354.0352
15252,1,1464458423,3352.9995
15253,1,1464458425,3353.647
15254,1,1464458426,3353.0037
15255,1,1464458427,3353.5747
15256,1,1464458429,3351.371
15257,1,1464458430,3351.473
15258,1,1464458432,3352.2173
15259,1,1464458433,3352.0098
15260,1,1464458435,3352.0264
15261,1,1464458436,3351.6238
15262,1,1464458438,3351.507
15263,1,1464458439,3352.9126
15264,1,1464458441,3351.8623
15265,1,1464458442,3352.0762
15266,1,1464458443,3353.1528
15267,1,1464458445,3355.11
15268,1,1464458446,3351.7927
15269,1,1464458448,3350.725
15270,1,1464458449,3354.3977
15271,1,1464458451,3353.0688
15272,1,1464458452,3352.4995
15273,1,1464458454,3353.1833
15274,1,1464458455,3351.615
15275,1,1464458457,3351.2944
15276,1,1464458458,3352.634
15277,1,1464458459,3352.2742
15278,1,1464458461,3352.5842
15279,1,1464458462,3351.2695
15280,1,1464458464,3352.0718
15281,1,1464458465,3351.9177
15282,1,1464458467,3352.4802
15283,1,1464458468,3351.8528
15284,1,1464458470,3351.796
15285,1,1464458471,3351.0623
15286,1,1464458473,3350.6575
15287,1,1464458474,3351.9055
15288,1,1464458475,3352.3865
15289,1,1464458477,3351.8855
15290,1,1464458478,3352.375
15291,1,1464458480,3352.5781
15292,1,1464458481,3353.0193
15293,1,1464458483,3352.1892
15294,1,1464458484,3352.5544
15295,1,1464458486,3353.4946
15296,1,1464458487,3353.1326
15297,1,1464458489,3352.9988
15298,1,1464458490,3350.2751
15299,1,1464458492,3351.3474
15300,1,1464458493,3352.1753
15301,1,1464458494,3351.2334
15302,1,1464458496,3351.0605
15303,1,1464458497,3350.9846
15304,1,1464458499,3350.5176
15305,1,1464458500,3351.69
15306,1,1464458502,3349.0527
15307,1,1464458503,3348.3882
15308,1,1464458505,3349.707
15309,1,1464458506,3350.6165
15310,1,1464458508,3349.6445
15311,1,1464458509,3350.1
15312,1,1464458510,3351.2969
15313,1,1464458512,3350.2651
15314,1,1464458513,3351.1074
15315,1,1464458515,3349.6306
15316,1,1464458516,3351.3352
15317,1,1464458518,3350.961
15318,1,1464458519,3349.1233
15319,1,1464458521,3349.455
15320,1,1464458522,3349.6787
15321,1,1464458524,3348.4482
15322,1,1464458525,3349.56
15323,1,1464458526,3347.6953
15324,1,1464458528,3347.7412
15325,1,1464458529,3349.4333
15326,1,1464458531,3348.4158
15327,1,1464458532,3349.5183
15328,1,1464458534,3349.4258
15329,1,1464458535,3348.0657
15330,1,1464458537,3347.6729
15331,1,1464458538,3347.4792
15332,1,1464458540,3347.799
15333,1,1464458541,3347.9072
15334,1,1464458543,3348.2158
15335,1,1464458544,3350.5603
15336,1,1464458545,3347.5059
15337,1,1464458547,3350.0728
15338,1,1464458548,3351.2761
15339,1,1464458550,3353.8984
15340,1,1464458551,3353.4812
15341,1,1464458553,3347.399
15342,1,1464458554,3342.8977
15343,1,1464458556,3346.658
15344,1,1464458557,3348.469
15345,1,1464458559,3345.373
15346,1,1464458560,3349.1938
15347,1,1464458561,3347.788
15348,1,1464458563,3348.1863
15349,1,1464458564,3349.0989
15350,1,1464458566,3349.8347
15351,1,1464458567,3353.5928
15352,1,1464458569,3354.864
15353,1,1464458570,3354.176
15354,1,1464458572,3354.3762
15355,1,1464458573,3353.1082
15356,1,1464458575,3352.3423
15357,1,1464458576,3354.1543
15358,1,1464458577,3352.8564
15359,1,1464458579,3352.6597
15360,1,1464458580,3352.5999
15361,1,1464458582,3351.6636
15362,1,1464458583,3351.0347
15363,1,1464458585,3352.507
15364,1,1464458586,3350.3135
15365,1,1464458588,3349.8074
15366,1,1464458589,3349.6748
15367,1,1464458591,3350.103
15368,1,1464458592,3351.0527
15369,1,1464458594,3349.7246
15370,1,1464458595,3350.399
15371,1,1464458596,3350.7202
15372,1,1464458598,3349.5305
15373,1,1464458599,3351.1882
15374,1,1464458601,3349.5806
15375,1,1464458602,3351.9622
15376,1,1464458604,3351.9006
15377,1,1464458605,3350.4255
15378,1,1464458607,3350.29
15379,1,1464458608,3350.681
15380,1,1464458610,3350.5283
15381,1,1464458611,3349.7803
15382,1,1464458612,3349.8835
15383,1,1464458614,3350.4302
15384,1,1464458615,3350.7544
15385,1,1464458617,3349.3975
15386,1,1464458618,3350.7358
15387,1,1464458620,3350.4875
15388,1,1464458621,3349.4092
15389,1,1464458623,3349.4358
15390,1,1464458624,3350.3052
15391,1,1464458626,3350.2627
15392,1,1464458627,3350.364
15393,1,1464458628,3350.9558
15394,1,1464458630,3349.4631
15395,1,1464458631,3351.1602
15396,1,1464458633,3349.138
15397,1,1464458634,3351.4575
15398,1,1464458636,3350.4004
15399,1,1464458637,3349.7725
15400,1,1464458639,3348.9531
15401,1,1464458640,3349.4736
15402,1,1464458642,3348.878
15403,1,1464458643,3347.2588
15404,1,1464458645,3347.6196
15405,1,1464458646,3344.925
15406,1,1464458647,3348.8633
15407,1,1464458649,3348.1262
15408,1,1464458650,3347.4307
15409,1,1464458652,3348.249
15410,1,1464458653,3346.3193
15411,1,1464458655,3349.4375
15412,1,1464458656,3347.0742
15413,1,1464458658,3345.618
15414,1,1464458659,3347.8276
15415,1,1464458661,3347.5195
15416,1,1464458662,3348.2446
15417,1,1464458663,3346.7827
15418,1,1464458665,3346.6128
15419,1,1464458666,3347.9827
15420,1,1464458668,3347.4192
15421,1,1464458669,3347.16
15422,1,1464458671,3345.2998
15423,1,1464458672,3347.2495
15424,1,1464458674,3347.1694
15425,1,1464458675,3348.3208
15426,1,1464458677,3347.727
15427,1,1464458678,3349.092
15428,1,1464458679,3350.0535
15429,1,1464458681,3349.1345
15430,1,1464458682,3346.8245
15431,1,1464458684,3344.2756
15432,1,1464458685,3344.345
15433,1,1464458687,3345.6287
15434,1,1464458688,3343.3352
15435,1,1464458690,3344.5613
15436,1,1464458691,3345.7488
15437,1,1464458693,3345.1829
15438,1,1464458694,3344.2117
15439,1,1464458695,3346.412
15440,1,1464458697,3348.4182
15441,1,1464458698,3349.569
15442,1,1464458700,3349.1465
15443,1,1464458701,3348.0022
15444,1,1464458703,3347.4624
15445,1,1464458704,3346.6892
15446,1,1464458706,3350.7046
15447,1,1464458707,3348.2952
15448,1,1464458709,3348.9717
15449,1,1464458710,3348.2947
15450,1,1464458712,3349.6182
15451,1,1464458713,3349.87
15452,1,1464458714,3351.088
15453,1,1464458716,3351.2722
15454,1,1464458717,3352.259
15455,1,1464458719,3350.7356
15456,1,1464458720,3351.1663
15457,1,1464458722,3352.3433
15458,1,1464458723,3349.4512
15459,1,1464458725,3350.2542
15460,1,1464458726,3351.4634
15461,1,1464458728,3351.0862
15462,1,1464458729,3350.627
15463,1,1464458730,3349.924
15464,1,1464458732,3349.669
15465,1,1464458733,3350.3877
15466,1,1464458735,3348.378
15467,1,1464458736,3350.6787
15468,1,1464458738,3346.839
15469,1,1464458739,3346.53
15470,1,1464458741,3349.4927
15471,1,1464458742,3348.8223
15472,1,1464458744,3348.6555
15473,1,1464458745,3348.0251
15474,1,1464458746,3347.9248
15475,1,1464458748,3347.8289
15476,1,1464458749,3347.737
15477,1,1464458751,3348.3564
15478,1,1464458752,3347.3877
15479,1,1464458754,3348.0156
15480,1,1464458755,3347.5574
15481,1,1464458757,3346.395
15482,1,1464458758,3345.6216
15483,1,1464458760,3347.6306
15484,1,1464458761,3347.36
15485,1,1464458763,3347.832
15486,1,1464458764,3349.237
15487,1,1464458765,3348.8848
15488,1,1464458767,3348.555
15489,1,1464458768,3345.637
15490,1,1464458770,3345.9385
15491,1,1464458771,3348.1416
15492,1,1464458773,3347.5093
15493,1,1464458774,3348.8904
15494,1,1464458776,3348.261
15495,1,1464458777,3347.6523
15496,1,1464458779,3348.6733
15497,1,1464458780,3349.204
15498,1,1464458781,3347.9094
15499,1,1464458783,3346.8977
15500,1,1464458784,3348.006
15501,1,1464458786,3349.1584
15502,1,1464458787,3349.5022
15503,1,1464458789,3347.743
15504,1,1464458790,3349.8418
15505,1,1464458792,3348.2085
15506,1,1464458793,3347.3755
15507,1,1464458795,3348.9895
15508,1,1464458796,3346.7773
15509,1,1464458797,3349.0195
15510,1,1464458799,3349.4062
15511,1,1464458800,3348.2327
15512,1,1464458802,3348.7793
15513,1,1464458803,3348.9429
15514,1,1464458805,3351.275
15515,1,1464458806,3349.871
15516,1,1464458808,3348.826
15517,1,1464458809,3346.0425
15518,1,1464458811,3345.033
15519,1,1464458812,3344.2568
15520,1,1464458814,3344.0576
15521,1,1464458815,3346.821
15522,1,1464458816,3348.315
15523,1,1464458818,3347.3281
15524,1,1464458819,3347.0825
15525,1,1464458821,3346.8176
15526,1,1464458822,3347.9226
15527,1,1464458824,3348.3877
15528,1,1464458825,3347.135
15529,1,1464458827,3346.7493
15530,1,1464458828,3347.3032
15531,1,1464458830,3344.6968
15532,1,1464458831,3347.7595
15533,1,1464458832,3346.3618
15534,1,1464458834,3345.47
15535,1,1464458835,3345.0754
15536,1,1464458837,3344.4534
15537,1,1464458838,3345.5325
15538,1,1464458840,3345.442
15539,1,1464458841,3346.289
15540,1,1464458843,3345.2578
15541,1,1464458844,3343.7544
15542,1,1464458846,3341.665
15543,1,1464458847,3342.504
15544,1,1464458848,3341.134
15545,1,1464458850,3343.8887
15546,1,1464458851,3346.59
15547,1,1464458853,3346.8613
15548,1,1464458854,3343.9324
15549,1,1464458856,3341.8616
15550,1,1464458857,3342.7134
15551,1,1464458859,3340.166
15552,1,1464458860,3339.9146
15553,1,1464458862,3341.4355
15554,1,1464458863,3343.002
15555,1,1464458864,3341.7373
15556,1,1464458866,3342.4548
15557,1,1464458867,3346.4814
15558,1,1464458869,3346.7766
15559,1,1464458870,3347.5413
15560,1,1464458872,3346.5393
15561,1,1464458873,3348.8442
15562,1,1464458875,3344.8413
15563,1,1464458876,3347.1301
15564,1,1464458878,3346.9463
15565,1,1464458879,3346.5676
15566,1,1464458881,3346.7207
15567,1,1464458882,3345.8489
15568,1,1464458883,3347.3289
15569,1,1464458885,3345.496
15570,1,1464458886,3346.403
15571,1,1464458888,3345.0059
15572,1,1464458889,3345.0608
15573,1,1464458891,3346.0967
15574,1,1464458892,3344.6614
15575,1,1464458894,3345.271
15576,1,1464458895,3346.4036
15577,1,1464458897,3345.6748
15578,1,1464458898,3347.898
15579,1,1464458899,3347.0388
15580,1,1464458901,3345.2505
15581,1,1464458902,3347.1335
15582,1,1464458904,3346.5757
15583,1,1464458905,3347.4683
15584,1,1464458907,3346.39
15585,1,1464458908,3345.4358
15586,1,1464458910,3345.3845
15587,1,1464458911,3344.7922
15588,1,1464458913,3345.2786
15589,1,1464458914,3345.3691
15590,1,1464458915,3345.9524
15591,1,1464458917,3345.4937
15592,1,1464458918,3346.9905
15593,1,1464458920,3344.045
15594,1,1464458921,3344.8262
15595,1,1464458923,3346.8635
15596,1,1464458924,3347.4338
15597,1,1464458926,3346.273
15598,1,1464458927,3337.3123
15599,1,1464458929,3345.3013
15600,1,1464458930,3344.3909
15601,1,1464458932,3346.3872
15602,1,1464458933,3345.5474
15603,1,1464458934,3345.3718
15604,1,1464458936,3346.3796
15605,1,1464458937,3345.0625
15606,1,1464458939,3342.9856
15607,1,1464458940,3343.0315
15608,1,1464458942,3343.43
15609,1,1464458943,3343.4434
15610,1,1464458945,3344.566
15611,1,1464458946,3344.5403
15612,1,1464458948,3343.224
15613,1,1464458949,3343.2754
15614,1,1464458950,3343.5083
15615,1,1464458952,3344.256
15616,1,1464458953,3343.9167
15617,1,1464458955,3344.0857
15618,1,1464458956,3343.1848
15619,1,1464458958,3341.8435
15620,1,1464458959,3341.4155
15621,1,1464458961,3341.878
15622,1,1464458962,3341.9666
15623,1,1464458964,3340.9456
15624,1,1464458965,3342.678
15625,1,1464458966,3343.2983
15626,1,1464458968,3344.5022
15627,1,1464458969,3344.3994
15628,1,1464458971,3343.622
15629,1,1464458972,3342.7769
15630,1,1464458974,3343.1917
15631,1,1464458975,3344.7568
15632,1,1464458977,3342.7263
15633,1,1464458978,3342.7778
15634,1,1464458980,3343.0981
15635,1,1464458981,3344.8013
15636,1,1464458983,3346.1677
15637,1,1464458984,3347.6487
15638,1,1464458985,3345.9482
15639,1,1464458987,3343.95
15640,1,1464458988,3341.0205
15641,1,1464458990,3344.972
15642,1,1464458991,3345.1282
15643,1,1464458993,3342.7922
15644,1,1464458994,3343.3987
15645,1,1464458996,3344.3901
15646,1,1464458997,3344.2622
15647,1,1464458999,3344.6082
15648,1,1464459000,3343.7957
15649,1,1464459001,3345.9314
15650,1,1464459003,3346.7815
15651,1,1464459004,3346.4436
15652,1,1464459006,3345.6401
15653,1,1464459007,3344.8557
15654,1,1464459009,3347.0876
15655,1,1464459010,3346.233
15656,1,1464459012,3345.8135
15657,1,1464459013,3344.3774
15658,1,1464459015,3345.0767
15659,1,1464459016,3344.6729
15660,1,1464459017,3345.6233
15661,1,1464459019,3345.277
15662,1,1464459020,3344.7986
15663,1,1464459022,3343.5457
15664,1,1464459023,3345.0737
15665,1,1464459025,3343.1172
15666,1,1464459026,3344.8906
15667,1,1464459028,3345.6448
15668,1,1464459029,3343.0923
15669,1,1464459031,3343.7979
15670,1,1464459032,3345.5012
15671,1,1464459034,3344.6355
15672,1,1464459035,3346.3174
15673,1,1464459036,3344.9836
15674,1,1464459038,3345.5703
15675,1,1464459039,3345.1006
15676,1,1464459041,3344.6663
15677,1,1464459042,3344.311
15678,1,1464459044,3345.1306
15679,1,1464459045,3344.723
15680,1,1464459047,3344.1135
15681,1,1464459048,3344.1218
15682,1,1464459050,3344.0828
15683,1,1464459051,3344.0999
15684,1,1464459052,3344.5312
15685,1,1464459054,3342.5696
15686,1,1464459055,3343.6274
15687,1,1464459057,3343.294
15688,1,1464459058,3342.168
15689,1,1464459060,3342.8213
15690,1,1464459061,3343.5457
15691,1,1464459063,3342.0815
15692,1,1464459064,3342.4333
15693,1,1464459066,3342.245
15694,1,1464459067,3343.5684
15695,1,1464459068,3342.8347
15696,1,1464459070,3341.5918
15697,1,1464459071,3342.0212
15698,1,1464459073,3343.612
15699,1,1464459074,3343.313
15700,1,1464459076,3344.0515
15701,1,1464459077,3341.663
15702,1,1464459079,3342.4443
15703,1,1464459080,3342.4314
15704,1,1464459082,3341.8599
15705,1,1464459083,3340.8955
15706,1,1464459084,3340.5051
15707,1,1464459086,3340.2656
15708,1,1464459087,3340.6099
15709,1,1464459089,3341.1138
15710,1,1464459090,3341.197
15711,1,1464459092,3339.8032
15712,1,1464459093,3340.9436
15713,1,1464459095,3340.7969
15714,1,1464459096,3340.6753
15715,1,1464459098,3340.4197
15716,1,1464459099,3341.8044
15717,1,1464459101,3340.379
15718,1,1464459102,3341.6975
15719,1,1464459103,3341.0833
15720,1,1464459105,3340.4368
15721,1,1464459106,3341.9314
15722,1,1464459108,3341.7402
15723,1,1464459109,3341.6943
15724,1,1464459111,3341.9082
15725,1,1464459112,3339.6003
15726,1,1464459114,3341.7808
15727,1,1464459115,3341.2573
15728,1,1464459117,3342.7092
15729,1,1464459118,3342.5496
15730,1,1464459119,3342.8176
15731,1,1464459121,3342.0415
15732,1,1464459122,3341.2124
15733,1,1464459124,3343.8396
15734,1,1464459125,3342.2495
15735,1,1464459127,3343.181
15736,1,1464459128,3342.9531
15737,1,1464459130,3342.7065
15738,1,1464459131,3342.2458
15739,1,1464459133,3342.3806
15740,1,1464459134,3340.8896
15741,1,1464459135,3341.1072
15742,1,1464459137,3342.8425
15743,1,1464459138,3341.153
15744,1,1464459140,3343.6848
15745,1,1464459141,3343.4104
15746,1,1464459143,3344.1667
15747,1,1464459144,3344.3127
15748,1,1464459146,3344.719
15749,1,1464459147,3339.4797
15750,1,1464459149,3340.9128
15751,1,1464459150,3340.9531
15752,1,1464459152,3338.2278
15753,1,1464459153,3336.0671
15754,1,1464459154,3339.2932
15755,1,1464459156,3340.2915
15756,1,1464459157,3340.626
15757,1,1464459159,3340.7788
15758,1,1464459160,3340.2837
15759,1,1464459162,3345.618
15760,1,1464459163,3342.7727
15761,1,1464459165,3342.9268
15762,1,1464459166,3342.0754
15763,1,1464459168,3343.2861
15764,1,1464459169,3341.2053
15765,1,1464459170,3342.185
15766,1,1464459172,3340.221
15767,1,1464459173,3341.4363
15768,1,1464459175,3341.2136
15769,1,1464459176,3340.5112
15770,1,1464459178,3338.9119
15771,1,1464459179,3339.9834
15772,1,1464459181,3339.611
15773,1,1464459182,3339.1636
15774,1,1464459184,3339.9558
15775,1,1464459185,3339.6748
15776,1,1464459186,3337.6995
15777,1,1464459188,3337.7964
15778,1,1464459189,3336.733
15779,1,1464459191,3337.546
15780,1,1464459192,3337.313
15781,1,1464459194,3337.986
15782,1,1464459195,3338.5703
15783,1,1464459197,3337.713
15784,1,1464459198,3337.8943
15785,1,1464459200,3339.233
15786,1,1464459201,3337.4465
15787,1,1464459203,3338.9668
15788,1,1464459204,3339.6118
15789,1,1464459205,3339.3433
15790,1,1464459207,3339.7795
15791,1,1464459208,3338.6848
15792,1,1464459210,3341.1316
15793,1,1464459211,3342.2566
15794,1,1464459213,3339.67
15795,1,1464459214,3338.237
15796,1,1464459216,3340.8496
15797,1,1464459217,3341.1106
15798,1,1464459219,3339.5088
15799,1,1464459220,3338.8713
15800,1,1464459221,3337.339
15801,1,1464459223,3338.789
15802,1,1464459224,3338.0618
15803,1,1464459226,3337.4912
15804,1,1464459227,3340.3228
15805,1,1464459229,3340.6963
15806,1,1464459230,3339.1362
15807,1,1464459232,3341.0657
15808,1,1464459233,3337.5212
15809,1,1464459235,3340.9246
15810,1,1464459236,3340.8196
15811,1,1464459237,3339.7126
15812,1,1464459239,3340.1907
15813,1,1464459240,3339.6775
15814,1,1464459242,3340.4834
15815,1,1464459243,3341.2856
15816,1,1464459245,3341.0076
15817,1,1464459246,3340.424
15818,1,1464459248,3341.2527
15819,1,1464459249,3341.2107
15820,1,1464459251,3340.2385
15821,1,1464459252,3341.355
15822,1,1464459253,3341.6226
15823,1,1464459255,3342.736
15824,1,1464459256,3342.2878
15825,1,1464459258,3341.4548
15826,1,1464459259,3340.7544
15827,1,1464459261,3341.5635
15828,1,1464459262,3341.6858
15829,1,1464459264,3340.9272
15830,1,1464459265,3340.0188
15831,1,1464459267,3339.7551
15832,1,1464459268,3341.1956
15833,1,1464459270,3340.5935
15834,1,1464459271,3340.6855
15835,1,1464459272,3340.6335
15836,1,1464459274,3341.371
15837,1,1464459275,3338.8892
15838,1,1464459277,3339.5212
15839,1,1464459278,3338.735
15840,1,1464459280,3338.9656
15841,1,1464459281,3340.1658
15842,1,1464459283,3339.799
15843,1,1464459284,3339.5872
15844,1,1464459286,3337.2837
15845,1,1464459287,3337.9485
15846,1,1464459288,3339.6982
15847,1,1464459290,3338.3574
15848,1,1464459291,3338.3694
15849,1,1464459293,3338.7056
15850,1,1464459294,3338.2834
15851,1,1464459296,3339.4314
15852,1,1464459297,3339.3535
15853,1,1464459299,3339.0352
15854,1,1464459300,3337.969
15855,1,1464459302,3340.3591
15856,1,1464459303,3340.0083
15857,1,1464459304,3336.8906
15858,1,1464459306,3336.387
15859,1,1464459307,3337.6724
15860,1,1464459309,3337.6372
15861,1,1464459310,3337.7163
15862,1,1464459312,3336.6042
15863,1,1464459313,3335.8394
15864,1,1464459315,3336.0413
15865,1,1464459316,3336.8767
15866,1,1464459318,3337.9253
15867,1,1464459319,3339.3315
15868,1,1464459321,3339.343
15869,1,1464459322,3340.981
15870,1,1464459323,3338.277
15871,1,1464459325,3337.2695
15872,1,1464459326,3340.5151
15873,1,1464459328,3339.5151
15874,1,1464459329,3340.6082
15875,1,1464459331,3339.3345
15876,1,1464459332,3339.6965
15877,1,1464459334,3340.6233
15878,1,1464459335,3339.254
15879,1,1464459337,3340.213
15880,1,1464459338,3340.1233
15881,1,1464459339,3339.7976
15882,1,1464459341,3337.06
15883,1,1464459342,3338.8552
15884,1,1464459344,3339.287
15885,1,1464459345,3339.47
15886,1,1464459347,3340.0105
15887,1,1464459348,3338.2239
15888,1,1464459350,3339.1316
15889,1,1464459351,3340.54
15890,1,1464459353,3338.6875
15891,1,1464459354,3338.3162
15892,1,1464459355,3338.9749
15893,1,1464459357,3340.1555
15894,1,1464459358,3337.9702
15895,1,1464459360,3338.129
15896,1,1464459361,3339.1462
15897,1,1464459363,3338.9248
15898,1,1464459364,3339.3386
15899,1,1464459366,3338.1797
15900,1,1464459367,3339.9067
15901,1,1464459369,3339.002
15902,1,1464459370,3340.7195
15903,1,1464459372,3338.4854
15904,1,1464459373,3339.027
15905,1,1464459374,3339.1885
15906,1,1464459376,3339.053
15907,1,1464459377,3340.268
15908,1,1464459379,3337.6272
15909,1,1464459380,3338.8816
15910,1,1464459382,3339.214
15911,1,1464459383,3338.862
15912,1,1464459385,3338.7778
15913,1,1464459386,3337.441
15914,1,1464459388,3339.5857
15915,1,1464459389,3340.333
15916,1,1464459390,3338.5146
15917,1,1464459392,3336.6018
15918,1,1464459393,3337.817
15919,1,1464459395,3337.9663
15920,1,1464459396,3338.8042
15921,1,1464459398,3337.9421
15922,1,1464459399,3337.8708
15923,1,1464459401,3338.3328
15924,1,1464459402,3337.1423
15925,1,1464459404,3337.603
15926,1,1464459405,3337.1626
15927,1,1464459406,3338.5193
15928,1,1464459408,3337.3362
15929,1,1464459409,3339.294
15930,1,1464459411,3337.2463
15931,1,1464459412,3336.6558
15932,1,1464459414,3337.291
15933,1,1464459415,3337.6821
15934,1,1464459417,3337.766
15935,1,1464459418,3337.3796
15936,1,1464459420,3337.0261
15937,1,1464459421,3338.4897
15938,1,1464459423,3338.5898
15939,1,1464459424,3337.552
15940,1,1464459425,3338.351
15941,1,1464459427,3338.1313
15942,1,1464459428,3337.272
15943,1,1464459430,3337.7236
15944,1,1464459431,3338.259
15945,1,1464459433,3337.654
15946,1,1464459434,3337.5632
15947,1,1464459436,3336.0925
15948,1,1464459437,3337.0745
15949,1,1464459439,3337.1987
15950,1,1464459440,3337.5696
15951,1,1464459441,3338.8335
15952,1,1464459443,3336.852
15953,1,1464459444,3336.709
15954,1,1464459446,3336.542
15955,1,1464459447,3338.0444
15956,1,1464459449,3336.143
15957,1,1464459450,3336.3784
15958,1,1464459452,3337.615
15959,1,1464459453,3338.2195
15960,1,1464459455,3337.3267
15961,1,1464459456,3339.1848
15962,1,1464459457,3340.043
15963,1,1464459459,3337.3333
15964,1,1464459460,3335.596
15965,1,1464459462,3337.7883
15966,1,1464459463,3337.1829
15967,1,1464459465,3338.5586
15968,1,1464459466,3337.3857
15969,1,1464459468,3338.0579
15970,1,1464459469,3337.9304
15971,1,1464459471,3338.351
15972,1,1464459472,3335.754
15973,1,1464459473,3337.5698
15974,1,1464459475,3338.1365
15975,1,1464459476,3338.8267
15976,1,1464459478,3339.5442
15977,1,1464459479,3338.95
15978,1,1464459481,3337.9446
15979,1,1464459482,3337.1968
15980,1,1464459484,3338.329
15981,1,1464459485,3336.1836
15982,1,1464459487,3336.389
15983,1,1464459488,3336.3364
15984,1,1464459490,3338.9434
15985,1,1464459491,3337.099
15986,1,1464459492,3336.1255
15987,1,1464459494,3335.4075
15988,1,1464459495,3334.1155
15989,1,1464459497,3333.4966
15990,1,1464459498,3336.1287
15991,1,1464459500,3335.9873
15992,1,1464459501,3335.067
15993,1,1464459503,3336.1348
15994,1,1464459504,3334.3035
15995,1,1464459506,3334.7615
15996,1,1464459507,3334.8203
15997,1,1464459508,3334.8276
15998,1,1464459510,3335.9465
15999,1,1464459511,3336.2703
16000,1,1464459513,3333.1543
16001,1,1464459514,3332.3123
16002,1,1464459516,3331.3723
16003,1,1464459517,3333.2502
16004,1,1464459519,3329.8738
16005,1,1464459520,3326.7917
16006,1,1464459522,3329.9636
16007,1,1464459523,3332.0864
16008,1,1464459524,3333.427
16009,1,1464459526,3332.01
16010,1,1464459527,3334.1716
16011,1,1464459529,3335.2803
16012,1,1464459530,3337.2544
16013,1,1464459532,3334.985
16014,1,1464459533,3334.7952
16015,1,1464459535,3333.0994
16016,1,1464459536,3334.838
16017,1,1464459538,3332.3691
16018,1,1464459539,3331.8972
16019,1,1464459541,3333.0884
16020,1,1464459542,3334.5554
16021,1,1464459543,3333.1946
16022,1,1464459545,3332.364
16023,1,1464459546,3333.8015
16024,1,1464459548,3335.5654
16025,1,1464459549,3333.8752
16026,1,1464459551,3333.7043
16027,1,1464459552,3333.038
16028,1,1464459554,3335.1619
16029,1,1464459555,3331.5896
16030,1,1464459557,3332.3477
16031,1,1464459558,3331.5552
16032,1,1464459559,3333.8594
16033,1,1464459561,3335.2378
16034,1,1464459562,3334.5823
16035,1,1464459564,3332.4927
16036,1,1464459565,3336.038
16037,1,1464459567,3331.9915
16038,1,1464459568,3332.3123
16039,1,1464459570,3331.8584
16040,1,1464459571,3331.3408
16041,1,1464459573,3332.444
16042,1,1464459574,3333.0913
16043,1,1464459575,3331.5862
16044,1,1464459577,3330.3528
16045,1,1464459578,3329.8064
16046,1,1464459580,3330.5789
16047,1,1464459581,3330.5793
16048,1,1464459583,3330.1838
16049,1,1464459584,3328.486
16050,1,1464459586,3330.172
16051,1,1464459587,3328.368
16052,1,1464459589,3328.3008
16053,1,1464459590,3327.2617
16054,1,1464459592,3328.166
16055,1,1464459593,3327.843
16056,1,1464459594,3327.3762
16057,1,1464459596,3326.7227
16058,1,1464459597,3327.393
16059,1,1464459599,3327.6704
16060,1,1464459600,3326.905
16061,1,1464459602,3326.3499
16062,1,1464459603,3324.5696
16063,1,1464459605,3325.8064
16064,1,1464459606,3327.2114
16065,1,1464459608,3325.1875
16066,1,1464459609,3324.9797
16067,1,1464459610,3324.7588
16068,1,1464459612,3325.5413
16069,1,1464459613,3324.7593
16070,1,1464459615,3324.4553
16071,1,1464459616,3324.7568
16072,1,1464459618,3325.6284
16073,1,1464459619,3324.8115
16074,1,1464459621,3324.69
16075,1,1464459622,3324.9492
16076,1,1464459624,3324.6995
16077,1,1464459625,3323.7095
16078,1,1464459626,3324.267
16079,1,1464459628,3324.114
16080,1,1464459629,3324.4583
16081,1,1464459631,3324.7314
16082,1,1464459632,3325.1882
16083,1,1464459634,3324.784
16084,1,1464459635,3324.0515
16085,1,1464459637,3322.3093
16086,1,1464459638,3322.4253
16087,1,1464459640,3322.337
16088,1,1464459641,3323.5256
16089,1,1464459642,3322.9211
16090,1,1464459644,3323.4324
16091,1,1464459645,3322.9316
16092,1,1464459647,3321.8472
16093,1,1464459648,3321.8335
16094,1,1464459650,3324.4224
16095,1,1464459651,3321.6047
16096,1,1464459653,3323.8904
16097,1,1464459654,3321.4756
16098,1,1464459656,3322.4355
16099,1,1464459657,3321.4614
16100,1,1464459659,3321.594
16101,1,1464459660,3322.7249
16102,1,1464459661,3322.3376
16103,1,1464459663,3323.6013
16104,1,1464459664,3323.051
16105,1,1464459666,3323.5012
16106,1,1464459667,3323.487
16107,1,1464459669,3323.29
16108,1,1464459670,3322.5073
16109,1,1464459672,3322.4514
16110,1,1464459673,3321.3606
16111,1,1464459675,3323.091
16112,1,1464459676,3323.9924
16113,1,1464459677,3322.0374
16114,1,1464459679,3323.1455
16115,1,1464459680,3323.8774
16116,1,1464459682,3324.8035
16117,1,1464459683,3323.76
16118,1,1464459685,3322.3005
16119,1,1464459686,3323.3076
16120,1,1464459688,3324.0361
16121,1,1464459689,3323.1096
16122,1,1464459691,3323.6921
16123,1,1464459692,3323.565
16124,1,1464459693,3324.6912
16125,1,1464459695,3322.9695
16126,1,1464459696,3325.2534
16127,1,1464459698,3322.5403
16128,1,1464459699,3323.0635
16129,1,1464459701,3322.7043
16130,1,1464459702,3322.5806
16131,1,1464459704,3324.3303
16132,1,1464459705,3324.0132
16133,1,1464459707,3322.8208
16134,1,1464459708,3321.8105
16135,1,1464459710,3323.1392
16136,1,1464459711,3322.699
16137,1,1464459712,3323.8374
16138,1,1464459714,3321.6577
16139,1,1464459715,3323.0127
16140,1,1464459717,3321.5583
16141,1,1464459718,3321.5098
16142,1,1464459720,3321.594
16143,1,1464459721,3321.9915
16144,1,1464459723,3320.9758
16145,1,1464459724,3320.276
16146,1,1464459726,3320.0933
16147,1,1464459727,3319.0298
16148,1,1464459728,3320.5557
16149,1,1464459730,3319.5342
16150,1,1464459731,3320.0237
16151,1,1464459733,3319.1304
16152,1,1464459734,3319.4785
16153,1,1464459736,3320.0742
16154,1,1464459737,3319.7383
16155,1,1464459739,3321.8184
16156,1,1464459740,3320.62
16157,1,1464459742,3320.2476
16158,1,1464459743,3321.011
16159,1,1464459744,3322.383
16160,1,1464459746,3322.157
16161,1,1464459747,3319.5356
16162,1,1464459749,3319.1716
16163,1,1464459750,3320.9905
16164,1,1464459752,3321.395
16165,1,1464459753,3320.4062
16166,1,1464459755,3320.8687
16167,1,1464459756,3320.7002
16168,1,1464459758,3319.932
16169,1,1464459759,3321.1885
16170,1,1464459761,3320.9424
16171,1,1464459762,3321.3704
16172,1,1464459763,3321.2917
16173,1,1464459765,3320.9065
16174,1,1464459766,3321.7615
16175,1,1464459768,3321.4924
16176,1,1464459769,3321.496
16177,1,1464459771,3321.613
16178,1,1464459772,3321.7205
16179,1,1464459774,3320.1753
16180,1,1464459775,3321.0115
16181,1,1464459777,3321.4883
16182,1,1464459778,3320.4285
16183,1,1464459779,3320.8599
16184,1,1464459781,3320.464
16185,1,1464459782,3321.1414
16186,1,1464459784,3321.077
16187,1,1464459785,3321.8423
16188,1,1464459787,3323.1035
16189,1,1464459788,3321.5562
16190,1,1464459790,3323.3254
16191,1,1464459791,3322.8206
16192,1,1464459793,3320.8726
16193,1,1464459794,3321.4106
16194,1,1464459795,3321.5015
16195,1,1464459797,3322.8345
16196,1,1464459798,3321.9192
16197,1,1464459800,3323.357
16198,1,1464459801,3321.1487
16199,1,1464459803,3321.0923
16200,1,1464459804,3321.3318
16201,1,1464459806,3322.897
16202,1,1464459807,3322.5364
16203,1,1464459809,3322.9404
16204,1,1464459810,3322.192
16205,1,1464459811,3321.9595
16206,1,1464459813,3320.2263
16207,1,1464459814,3322.6787
16208,1,1464459816,3321.1016
16209,1,1464459817,3321.7795
16210,1,1464459819,3322.609
16211,1,1464459820,3322.5193
16212,1,1464459822,3322.3584
16213,1,1464459823,3321.4822
16214,1,1464459825,3320.8894
16215,1,1464459826,3319.8528
16216,1,1464459828,3321.8792
16217,1,1464459829,3320.3647
16218,1,1464459830,3319.9482
16219,1,1464459832,3320.1433
16220,1,1464459833,3320.6
16221,1,1464459835,3319.4246
16222,1,1464459836,3319.775
16223,1,1464459838,3318.0603
16224,1,1464459839,3319.2305
16225,1,1464459841,3319.3076
16226,1,1464459842,3318.446
16227,1,1464459844,3317.7393
16228,1,1464459845,3318.9097
16229,1,1464459846,3318.4553
16230,1,1464459848,3318.5945
16231,1,1464459849,3318.0715
16232,1,1464459851,3317.4019
16233,1,1464459852,3319.0251
16234,1,1464459854,3315.9023
16235,1,1464459855,3317.6682
16236,1,1464459857,3317.2773
16237,1,1464459858,3318.261
16238,1,1464459860,3318.7463
16239,1,1464459861,3319.2537
16240,1,1464459862,3316.9768
16241,1,1464459864,3319.1477
16242,1,1464459865,3317.7283
16243,1,1464459867,3317.491
16244,1,1464459868,3317.916
16245,1,1464459870,3318.1462
16246,1,1464459871,3318.827
16247,1,1464459873,3317.5085
16248,1,1464459874,3317.2068
16249,1,1464459876,3317.7688
16250,1,1464459877,3318.9604
16251,1,1464459879,3318.5378
16252,1,1464459880,3316.8464
16253,1,1464459881,3317.4622
16254,1,1464459883,3319.5476
16255,1,1464459884,3318.065
16256,1,1464459886,3317.2932
16257,1,1464459887,3317.7764
16258,1,1464459889,3317.5261
16259,1,1464459890,3318.195
16260,1,1464459892,3318.9885
16261,1,1464459893,3318.977
16262,1,1464459895,3319.6326
16263,1,1464459896,3318.3765
16264,1,1464459897,3318.853
16265,1,1464459899,3321.0107
16266,1,1464459900,3318.7822
16267,1,1464459902,3319.3337
16268,1,1464459903,3318.2146
16269,1,1464459905,3317.517
16270,1,1464459906,3319.181
16271,1,1464459908,3319.7495
16272,1,1464459909,3317.0044
16273,1,1464459911,3319.1294
16274,1,1464459912,3318.5305
16275,1,1464459913,3317.5005
16276,1,1464459915,3318.3499
16277,1,1464459916,3317.7297
16278,1,1464459918,3318.4873
16279,1,1464459919,3318.4702
16280,1,1464459921,3319.549
16281,1,1464459922,3320.054
16282,1,1464459924,3318.2944
16283,1,1464459925,3317.624
16284,1,1464459927,3319.1917
16285,1,1464459928,3318.133
16286,1,1464459930,3317.15
16287,1,1464459931,3318.5032
16288,1,1464459932,3317.7634
16289,1,1464459934,3317.08
16290,1,1464459935,3318.7556
16291,1,1464459937,3316.6782
16292,1,1464459938,3317.1033
16293,1,1464459940,3314.5813
16294,1,1464459941,3318.287
16295,1,1464459943,3316.0664
16296,1,1464459944,3316.0623
16297,1,1464459946,3317.3394
16298,1,1464459947,3317.223
16299,1,1464459948,3315.6807
16300,1,1464459950,3316.9753
16301,1,1464459951,3318.038
16302,1,1464459953,3317.8723
16303,1,1464459954,3318.8967
16304,1,1464459956,3318.3877
16305,1,1464459957,3317.2937
16306,1,1464459959,3317.7397
16307,1,1464459960,3318.361
16308,1,1464459962,3319.424
16309,1,1464459963,3316.628
16310,1,1464459964,3317.9688
16311,1,1464459966,3317.0405
16312,1,1464459967,3317.6892
16313,1,1464459969,3317.893
16314,1,1464459970,3318.8013
16315,1,1464459972,3317.6409
16316,1,1464459973,3317.9932
16317,1,1464459975,3316.412
16318,1,1464459976,3316.808
16319,1,1464459978,3316.4492
16320,1,1464459979,3315.5708
16321,1,1464459980,3315.8271
16322,1,1464459982,3317.1445
16323,1,1464459983,3315.9624
16324,1,1464459985,3316.479
16325,1,1464459986,3316.627
16326,1,1464459988,3316.3882
16327,1,1464459989,3315.8286
16328,1,1464459991,3315.7534
16329,1,1464459992,3316.305
16330,1,1464459994,3316.3086
16331,1,1464459995,3316.0881
16332,1,1464459997,3316.9165
16333,1,1464459998,3317.3271
16334,1,1464459999,3316.5173
16335,1,1464460001,3316.9846
16336,1,1464460002,3314.5115
16337,1,1464460004,3316.1313
16338,1,1464460005,3315.8164
16339,1,1464460007,3315.3965
16340,1,1464460008,3315.293
16341,1,1464460010,3315.3174
16342,1,1464460011,3315.7678
16343,1,1464460013,3315.446
16344,1,1464460014,3316.5293
16345,1,1464460015,3315.1199
16346,1,1464460017,3314.5461
16347,1,1464460018,3315.1943
16348,1,1464460020,3316.4954
16349,1,1464460021,3316.633
16350,1,1464460023,3317.134
16351,1,1464460024,3315.6692
16352,1,1464460026,3315.0862
16353,1,1464460027,3315.7742
16354,1,1464460029,3314.8865
16355,1,1464460030,3313.2769
16356,1,1464460031,3314.945
16357,1,1464460033,3315.1765
16358,1,1464460034,3313.0034
16359,1,1464460036,3314.0303
16360,1,1464460037,3313.2576
16361,1,1464460039,3315.0776
16362,1,1464460040,3313.1096
16363,1,1464460042,3313.2778
16364,1,1464460043,3314.2678
16365,1,1464460045,3314.9792
16366,1,1464460046,3314.0996
16367,1,1464460048,3312.3567
16368,1,1464460049,3314.8967
16369,1,1464460050,3314.5017
16370,1,1464460052,3313.3464
16371,1,1464460053,3314.1794
16372,1,1464460055,3313.8813
16373,1,1464460056,3313.271
16374,1,1464460058,3313.2622
16375,1,1464460059,3313.8955
16376,1,1464460061,3312.6335
16377,1,1464460062,3313.884
16378,1,1464460064,3311.5796
16379,1,1464460065,3312.2593
16380,1,1464460066,3311.9275
16381,1,1464460068,3313.4253
16382,1,1464460069,3311.5503
16383,1,1464460071,3311.5608
16384,1,1464460072,3312.34
16385,1,1464460074,3313.2964
16386,1,1464460075,3311.8843
16387,1,1464460077,3312.2568
16388,1,1464460078,3313.9797
16389,1,1464460080,3312.2021
16390,1,1464460081,3313.6199
16391,1,1464460082,3314.24
16392,1,1464460084,3314.193
16393,1,1464460085,3314.2212
16394,1,1464460087,3314
16395,1,1464460088,3312.64
16396,1,1464460090,3312.4175
16397,1,1464460091,3312.417
16398,1,1464460093,3312.0857
16399,1,1464460094,3312.9092
16400,1,1464460096,3313.2751
16401,1,1464460097,3313.237
16402,1,1464460099,3313.3508
16403,1,1464460100,3314.368
16404,1,1464460101,3312.8435
16405,1,1464460103,3312.906
16406,1,1464460104,3314.4255
16407,1,1464460106,3312.3843
16408,1,1464460107,3312.79
16409,1,1464460109,3312.0083
16410,1,1464460110,3314.2666
16411,1,1464460112,3314.3948
16412,1,1464460113,3314.3486
16413,1,1464460115,3313.2344
16414,1,1464460116,3313.6997
16415,1,1464460117,3314.0422
16416,1,1464460119,3312.0715
16417,1,1464460120,3313.12
16418,1,1464460122,3313.0027
16419,1,1464460123,3314.6016
16420,1,1464460125,3314.3652
16421,1,1464460126,3313.3276
16422,1,1464460128,3314.1248
16423,1,1464460129,3312.8032
16424,1,1464460131,3314.3828
16425,1,1464460132,3314.522
16426,1,1464460133,3314.0605
16427,1,1464460135,3313.5906
16428,1,1464460136,3313.6465
16429,1,1464460138,3314.193
16430,1,1464460139,3314.5789
16431,1,1464460141,3313.648
16432,1,1464460142,3313.5996
16433,1,1464460144,3312.856
16434,1,1464460145,3313.2295
16435,1,1464460147,3314.1016
16436,1,1464460148,3314.0542
16437,1,1464460149,3314.5044
16438,1,1464460151,3315.0916
16439,1,1464460152,3313.5237
16440,1,1464460154,3314.2808
16441,1,1464460155,3313.84
16442,1,1464460157,3313.4836
16443,1,1464460158,3313.488
16444,1,1464460160,3314.549
16445,1,1464460161,3314.4563
16446,1,1464460163,3314.6133
16447,1,1464460164,3312.7646
16448,1,1464460166,3312.5051
16449,1,1464460167,3313.217
16450,1,1464460168,3312.5024
16451,1,1464460170,3311.5217
16452,1,1464460171,3312.295
16453,1,1464460173,3313.1892
16454,1,1464460174,3310.717
16455,1,1464460176,3312.6675
16456,1,1464460177,3312.0166
16457,1,1464460179,3313.543
16458,1,1464460180,3313.0894
16459,1,1464460182,3312.153
16460,1,1464460183,3312.6245
16461,1,1464460184,3311.9373
16462,1,1464460186,3311.6592
16463,1,1464460187,3311.1567
16464,1,1464460189,3312.178
16465,1,1464460190,3312.3542
16466,1,1464460192,3311.5833
16467,1,1464460193,3312.7021
16468,1,1464460195,3313.0845
16469,1,1464460196,3312.0579
16470,1,1464460198,3311.9102
16471,1,1464460199,3310.6545
16472,1,1464460200,3312.6184
16473,1,1464460202,3311.6462
16474,1,1464460203,3312.5725
16475,1,1464460205,3311.8232
16476,1,1464460206,3310.198
16477,1,1464460208,3311.308
16478,1,1464460209,3311.0544
16479,1,1464460211,3311.5464
16480,1,1464460212,3311.8877
16481,1,1464460214,3311.6062
16482,1,1464460215,3310.6597
16483,1,1464460217,3312.826
16484,1,1464460218,3311.3745
16485,1,1464460219,3312.3945
16486,1,1464460221,3313.5442
16487,1,1464460222,3312.331
16488,1,1464460224,3312.2424
16489,1,1464460225,3311.194
16490,1,1464460227,3312.98
16491,1,1464460228,3313.8003
16492,1,1464460230,3313.4277
16493,1,1464460231,3313.54
16494,1,1464460233,3315.158
16495,1,1464460234,3313.2664
16496,1,1464460235,3314.5435
16497,1,1464460237,3314.6802
16498,1,1464460238,3314.2014
16499,1,1464460240,3312.3232
16500,1,1464460241,3311.6387
16501,1,1464460243,3312.2175
16502,1,1464460244,3313.1885
16503,1,1464460246,3311.575
16504,1,1464460247,3312.1768
16505,1,1464460249,3311.4067
16506,1,1464460250,3311.4368
16507,1,1464460251,3309.6267
16508,1,1464460253,3309.519
16509,1,1464460254,3310.1426
16510,1,1464460256,3310.3892
16511,1,1464460257,3310.9858
16512,1,1464460259,3312.9187
16513,1,1464460260,3312.6191
16514,1,1464460262,3312.9084
16515,1,1464460263,3312.1
16516,1,1464460265,3311.1064
16517,1,1464460266,3310.6296
16518,1,1464460268,3312.233
16519,1,1464460269,3312.741
16520,1,1464460270,3310.9844
16521,1,1464460272,3311.8975
16522,1,1464460273,3312.407
16523,1,1464460275,3312.2454
16524,1,1464460276,3311.9072
16525,1,1464460278,3311.2317
16526,1,1464460279,3311.668
16527,1,1464460281,3311.2014
16528,1,1464460282,3311.7651
16529,1,1464460284,3312.363
16530,1,1464460285,3311.5593
16531,1,1464460286,3311.1123
16532,1,1464460288,3310.721
16533,1,1464460289,3309.7693
16534,1,1464460291,3310.428
16535,1,1464460292,3311.394
16536,1,1464460294,3311.8237
16537,1,1464460295,3310.7273
16538,1,1464460297,3311.4902
16539,1,1464460298,3310.8335
16540,1,1464460300,3309.6523
16541,1,1464460301,3310.976
16542,1,1464460302,3311.4653
16543,1,1464460304,3309.7861
16544,1,1464460305,3309.122
16545,1,1464460307,3311.4937
16546,1,1464460308,3311.3032
16547,1,1464460310,3309.8633
16548,1,1464460311,3309.567
16549,1,1464460313,3311.6013
16550,1,1464460314,3311.9668
16551,1,1464460316,3310.1267
16552,1,1464460317,3309.738
16553,1,1464460318,3311.4683
16554,1,1464460320,3309.9744
16555,1,1464460321,3311.1533
16556,1,1464460323,3312.4993
16557,1,1464460324,3310.6187
16558,1,1464460326,3311.663
16559,1,1464460327,3312.648
16560,1,1464460329,3312.2769
16561,1,1464460330,3309.921
16562,1,1464460332,3308.9448
16563,1,1464460333,3309.996
16564,1,1464460335,3312.2388
16565,1,1464460336,3312.1172
16566,1,1464460337,3310.3394
16567,1,1464460339,3312.103
16568,1,1464460340,3310.3499
16569,1,1464460342,3312.7603
16570,1,1464460343,3309.909
16571,1,1464460345,3309.6494
16572,1,1464460346,3311.5369
16573,1,1464460348,3310.7969
16574,1,1464460349,3310.6992
16575,1,1464460351,3311.7188
16576,1,1464460352,3309.8735
16577,1,1464460353,3311.1108
16578,1,1464460355,3311.4854
16579,1,1464460356,3310.5623
16580,1,1464460358,3310.6675
16581,1,1464460359,3310.5215
16582,1,1464460361,3311.5244
16583,1,1464460362,3311.001
16584,1,1464460364,3310.487
16585,1,1464460365,3311.2979
16586,1,1464460367,3310.1877
16587,1,1464460368,3311.0432
16588,1,1464460369,3311.4053
16589,1,1464460371,3309.4375
16590,1,1464460372,3310.741
16591,1,1464460374,3310.0676
16592,1,1464460375,3310.8318
16593,1,1464460377,3309.7375
16594,1,1464460378,3308.8882
16595,1,1464460380,3310.8306
16596,1,1464460381,3310.1108
16597,1,1464460383,3309.5881
16598,1,1464460384,3309.7876
16599,1,1464460386,3307.627
16600,1,1464460387,3308.1296
16601,1,1464460388,3309.9463
16602,1,1464460390,3308.0715
16603,1,1464460391,3310.335
16604,1,1464460393,3309.15
16605,1,1464460394,3307.9583
16606,1,1464460396,3307.4036
16607,1,1464460397,3307.6692
16608,1,1464460399,3308.1938
16609,1,1464460400,3308.739
16610,1,1464460402,3308.9646
16611,1,1464460403,3308.6235
16612,1,1464460404,3307.9614
16613,1,1464460406,3307.794
16614,1,1464460407,3308.338
16615,1,1464460409,3307.9355
16616,1,1464460410,3308.633
16617,1,1464460412,3308.2856
16618,1,1464460413,3309.6401
16619,1,1464460415,3309.511
16620,1,1464460416,3308.6296
16621,1,1464460418,3307.8467
16622,1,1464460419,3309.6255
16623,1,1464460420,3307.4868
16624,1,1464460422,3308.1418
16625,1,1464460423,3307.2402
16626,1,1464460425,3308.0627
16627,1,1464460426,3308.726
16628,1,1464460428,3309.222
16629,1,1464460429,3309.0056
16630,1,1464460431,3308.644
16631,1,1464460432,3308.5938
16632,1,1464460434,3308.1545
16633,1,1464460435,3309.3096
16634,1,1464460437,3309.6624
16635,1,1464460438,3308.9148
16636,1,1464460439,3307.873
16637,1,1464460441,3308.156
16638,1,1464460442,3310.214
16639,1,1464460444,3310.1836
16640,1,1464460445,3309.218
16641,1,1464460447,3310.8567
16642,1,1464460448,3309.2288
16643,1,1464460450,3310.4368
16644,1,1464460451,3309.5532
16645,1,1464460453,3309.7378
16646,1,1464460454,3309.3872
16647,1,1464460455,3310.1743
16648,1,1464460457,3309.7695
16649,1,1464460458,3308.4036
16650,1,1464460460,3308.094
16651,1,1464460461,3309.212
16652,1,1464460463,3308.8774
16653,1,1464460464,3308.046
16654,1,1464460466,3308.8835
16655,1,1464460467,3309.1372
16656,1,1464460469,3309.9158
16657,1,1464460470,3309.5654
16658,1,1464460471,3309.4885
16659,1,1464460473,3310.0767
16660,1,1464460474,3309.2192
16661,1,1464460476,3310.006
16662,1,1464460477,3309.9136
16663,1,1464460479,3310.6294
16664,1,1464460480,3310.9927
16665,1,1464460482,3310.3218
16666,1,1464460483,3310.0442
16667,1,1464460485,3310.5278
16668,1,1464460486,3309.636
16669,1,1464460487,3310.8909
16670,1,1464460489,3309.5156
16671,1,1464460490,3309.0747
16672,1,1464460492,3308.4482
16673,1,1464460493,3308.6365
16674,1,1464460495,3306.8318
16675,1,1464460496,3308.1006
16676,1,1464460498,3308.377
16677,1,1464460499,3305.9832
16678,1,1464460501,3309.0244
16679,1,1464460502,3308.7388
16680,1,1464460504,3305.8188
16681,1,1464460505,3307.8484
16682,1,1464460506,3308.169
16683,1,1464460508,3306.6943
16684,1,1464460509,3307.1643
16685,1,1464460511,3307.5828
16686,1,1464460512,3307.4841
16687,1,1464460514,3307.7466
16688,1,1464460515,3306.3062
16689,1,1464460517,3306.7397
16690,1,1464460518,3305.6042
16691,1,1464460520,3305.9912
16692,1,1464460521,3308.0288
16693,1,1464460522,3307.5913
16694,1,1464460528,3307.0361
16695,1,1464460530,3305.5693
16696,1,1464460531,3306.969
16697,1,1464460533,3306.4216
16698,1,1464460534,3305.3904
16699,1,1464460536,3306.4175
16700,1,1464460537,3306.5657
16701,1,1464460538,3304.5454
16702,1,1464460540,3306.192
16703,1,1464460541,3305.2224
16704,1,1464460543,3305.669
16705,1,1464460544,3306.6719
16706,1,1464460546,3305.344
16707,1,1464460547,3305.6467
16708,1,1464460549,3304.2893
16709,1,1464460550,3304.3762
16710,1,1464460552,3307.2883
16711,1,1464460553,3305.7366
16712,1,1464460555,3305.4336
16713,1,1464460556,3306.729
16714,1,1464460557,3305.5566
16715,1,1464460559,3305.4368
16716,1,1464460560,3305.7576
16717,1,1464460562,3306.243
16718,1,1464460563,3307.4521
16719,1,1464460565,3306.1458
16720,1,1464460566,3306.6511
16721,1,1464460568,3305.0928
16722,1,1464460569,3304.6536
16723,1,1464460571,3306.2493
16724,1,1464460572,3304.097
16725,1,1464460573,3305.4688
16726,1,1464460575,3306.9653
16727,1,1464460576,3306.2688
16728,1,1464460578,3305.8093
16729,1,1464460579,3305.4797
16730,1,1464460581,3307.168
16731,1,1464460582,3307.1226
16732,1,1464460584,3307.3066
16733,1,1464460585,3306.9324
16734,1,1464460587,3307.9536
16735,1,1464460588,3307.7634
16736,1,1464460589,3307.6875
16737,1,1464460591,3309.0022
16738,1,1464460592,3307.5596
16739,1,1464460594,3307.3083
16740,1,1464460595,3307.3955
16741,1,1464460597,3307.858
16742,1,1464460598,3305.1377
16743,1,1464460600,3306.7712
16744,1,1464460601,3307.6914
16745,1,1464460603,3308.5212
16746,1,1464460604,3305.6643
16747,1,1464460606,3308.9568
16748,1,1464460607,3307.181
16749,1,1464460608,3307.0376
16750,1,1464460610,3305.8518
16751,1,1464460611,3306.7356
16752,1,1464460613,3307.4805
16753,1,1464460614,3307.241
16754,1,1464460616,3307.0547
16755,1,1464460617,3306.1978
16756,1,1464460619,3306.7112
16757,1,1464460620,3305.2275
16758,1,1464460622,3306.0498
16759,1,1464460623,3306.652
16760,1,1464460624,3305.6597
16761,1,1464460626,3306.3342
16762,1,1464460627,3306.1067
16763,1,1464460629,3306.5266
16764,1,1464460630,3304.3132
16765,1,1464460632,3304.4072
16766,1,1464460633,3305.1682
16767,1,1464460635,3305.3918
16768,1,1464460636,3303.0405
16769,1,1464460638,3305.4128
16770,1,1464460639,3304.0166
16771,1,1464460640,3303.3782
16772,1,1464460642,3305.1833
16773,1,1464460643,3305.6387
16774,1,1464460645,3304.2852
16775,1,1464460646,3304.9636
16776,1,1464460648,3304.856
16777,1,1464460649,3306.1
16778,1,1464460651,3303.943
16779,1,1464460652,3304.5635
16780,1,1464460654,3302.4595
16781,1,1464460655,3304.4756
16782,1,1464460657,3305.1946
16783,1,1464460658,3303.325
16784,1,1464460659,3303.155
16785,1,1464460661,3302.8293
16786,1,1464460662,3303.4543
16787,1,1464460664,3302.7642
16788,1,1464460665,3301.762
16789,1,1464460667,3302.318
16790,1,1464460668,3302.9797
16791,1,1464460670,3300.9712
16792,1,1464460671,3301.6597
16793,1,1464460673,3303.3945
16794,1,1464460674,3302.7053
16795,1,1464460675,3301.373
16796,1,1464460677,3304.4685
16797,1,1464460678,3303.6016
16798,1,1464460680,3303.564
16799,1,1464460681,3302.9783
16800,1,1464460683,3303.7053
16801,1,1464460684,3300.7622
16802,1,1464460686,3304.497
16803,1,1464460687,3304.8274
16804,1,1464460689,3303.1326
16805,1,1464460690,3300.848
16806,1,1464460691,3304.573
16807,1,1464460693,3302.6682
16808,1,1464460694,3301.6492
16809,1,1464460696,3301.564
16810,1,1464460697,3303.0627
16811,1,1464460699,3304.6035
16812,1,1464460700,3305.1897
16813,1,1464460702,3304.2192
16814,1,1464460703,3303.881
16815,1,1464460705,3305.0955
16816,1,1464460706,3305.2522
16817,1,1464460707,3305.0588
16818,1,1464460709,3306.3396
16819,1,1464460710,3304.8994
16820,1,1464460712,3304.0466
16821,1,1464460713,3303.3364
16822,1,1464460715,3303.464
16823,1,1464460716,3304.773
16824,1,1464460718,3306.74
16825,1,1464460719,3305.698
16826,1,1464460721,3302.3555
16827,1,1464460722,3305.065
16828,1,1464460724,3304.168
16829,1,1464460725,3305.2095
16830,1,1464460726,3305.551
16831,1,1464460728,3303.6326
16832,1,1464460729,3304.6052
16833,1,1464460731,3304.705
16834,1,1464460732,3304.7117
16835,1,1464460734,3303.3867
16836,1,1464460735,3303.1404
16837,1,1464460737,3303.6985
16838,1,1464460738,3304.255
16839,1,1464460740,3302.127
16840,1,1464460741,3302.2988
16841,1,1464460742,3303.1113
16842,1,1464460744,3302.9731
16843,1,1464460745,3301.4878
16844,1,1464460747,3302.5293
16845,1,1464460748,3299.0684
16846,1,1464460750,3300.2437
16847,1,1464460751,3300.7043
16848,1,1464460753,3302.3284
16849,1,1464460754,3302.3403
16850,1,1464460756,3302.53
16851,1,1464460757,3303.432
16852,1,1464460758,3302.618
16853,1,1464460760,3303.0547
16854,1,1464460761,3302.0923
16855,1,1464460763,3303.1338
16856,1,1464460764,3303.3215
16857,1,1464460766,3305.329
16858,1,1464460767,3303.5837
16859,1,1464460769,3304.617
16860,1,1464460770,3302.8777
16861,1,1464460772,3302.3376
16862,1,1464460773,3303.0215
16863,1,1464460775,3302.795
16864,1,1464460776,3303.4683
16865,1,1464460777,3302.2896
16866,1,1464460779,3301.37
16867,1,1464460780,3300.7288
16868,1,1464460782,3302.628
16869,1,1464460783,3301.8906
16870,1,1464460785,3301.2476
16871,1,1464460786,3304.5522
16872,1,1464460788,3302.8242
16873,1,1464460789,3303.394
16874,1,1464460791,3301.5522
16875,1,1464460792,3301.939
16876,1,1464460793,3302.77
16877,1,1464460795,3302.4988
16878,1,1464460796,3304.4614
16879,1,1464460798,3302.5098
16880,1,1464460799,3302.294
16881,1,1464460801,3303.3071
16882,1,1464460802,3303.8616
16883,1,1464460804,3304.6646
16884,1,1464460805,3303.665
16885,1,1464460807,3302.8374
16886,1,1464460808,3303.6323
16887,1,1464460809,3303.6917
16888,1,1464460811,3302.1157
16889,1,1464460812,3301.984
16890,1,1464460814,3303.8237
16891,1,1464460815,3304.6245
16892,1,1464460817,3302.4585
16893,1,1464460818,3303.8157
16894,1,1464460820,3302.9663
16895,1,1464460821,3303.4053
16896,1,1464460823,3302.4307
16897,1,1464460824,3302.8828
16898,1,1464460826,3302.5754
16899,1,1464460827,3302.0334
16900,1,1464460828,3302.8682
16901,1,1464460830,3303.0374
16902,1,1464460831,3303.6301
16903,1,1464460833,3302.7607
16904,1,1464460834,3302.5488
16905,1,1464460836,3303.2046
16906,1,1464460837,3304.413
16907,1,1464460839,3304.4846
16908,1,1464460840,3301.8665
16909,1,1464460842,3301.5776
16910,1,1464460843,3302.1184
16911,1,1464460844,3300.2659
16912,1,1464460846,3301.9248
16913,1,1464460847,3301.7312
16914,1,1464460849,3302.1172
16915,1,1464460850,3302.2039
16916,1,1464460852,3300.1252
16917,1,1464460853,3302.419
16918,1,1464460855,3303.728
16919,1,1464460856,3304.713
16920,1,1464460858,3302.897
16921,1,1464460859,3303.5215
16922,1,1464460860,3303.6177
16923,1,1464460862,3303.377
16924,1,1464460863,3303.8015
16925,1,1464460865,3302.3938
16926,1,1464460866,3302.5103
16927,1,1464460868,3302.9524
16928,1,1464460869,3302.142
16929,1,1464460871,3300.5698
16930,1,1464460872,3302.4282
16931,1,1464460874,3301.021
16932,1,1464460875,3301.9348
16933,1,1464460876,3302.8184
16934,1,1464460878,3301.4558
16935,1,1464460879,3300.6094
16936,1,1464460881,3303.4
16937,1,1464460882,3302.4988
16938,1,1464460884,3301.9663
16939,1,1464460885,3304.0554
16940,1,1464460887,3302.8574
16941,1,1464460888,3302.411
16942,1,1464460890,3303.1484
16943,1,1464460891,3303.889
16944,1,1464460893,3303.6738
16945,1,1464460894,3304.9116
16946,1,1464460895,3303.219
16947,1,1464460897,3301.567
16948,1,1464460898,3302.375
16949,1,1464460900,3301.719
16950,1,1464460901,3302.6875
16951,1,1464460903,3302.8928
16952,1,1464460904,3302.8005
16953,1,1464460906,3302.8708
16954,1,1464460907,3303.6865
16955,1,1464460909,3302.9128
16956,1,1464460910,3303.6636
16957,1,1464460911,3303.1353
16958,1,1464460913,3304.2537
16959,1,1464460914,3303.2383
16960,1,1464460916,3302.9849
16961,1,1464460917,3302.5137
16962,1,1464460919,3304.317
16963,1,1464460920,3303.6235
16964,1,1464460922,3303.9895
16965,1,1464460923,3303.1533
16966,1,1464460925,3302.0737
16967,1,1464460926,3303.8967
16968,1,1464460927,3304.7803
16969,1,1464460929,3301.437
16970,1,1464460930,3302.8604
16971,1,1464460932,3302.8289
16972,1,1464460933,3304.046
16973,1,1464460935,3300.0552
16974,1,1464460936,3302.4604
16975,1,1464460938,3303.66
16976,1,1464460939,3303.7305
16977,1,1464460941,3303.2942
16978,1,1464460942,3300.809
16979,1,1464460944,3302.116
16980,1,1464460945,3303.8193
16981,1,1464460946,3303.8447
16982,1,1464460948,3301.426
16983,1,1464460949,3300.7375
16984,1,1464460951,3303.0154
16985,1,1464460952,3301.5679
16986,1,1464460954,3301.5928
16987,1,1464460955,3301.2751
16988,1,1464460957,3301.0215
16989,1,1464460958,3300.6577
16990,1,1464460960,3299.4595
16991,1,1464460961,3299.255
16992,1,1464460962,3300.0728
16993,1,1464460964,3301.328
16994,1,1464460965,3300.187
16995,1,1464460967,3299.9993
16996,1,1464460968,3299.0552
16997,1,1464460970,3300.2524
16998,1,1464460971,3300.161
16999,1,1464460973,3300.861
17000,1,1464460974,3300.5527
17001,1,1464460976,3301.417
17002,1,1464460977,3300.7832
17003,1,1464460978,3298.9954
17004,1,1464460980,3299.257
17005,1,1464460981,3299.2766
17006,1,1464460983,3301.552
17007,1,1464460984,3300.2793
17008,1,1464460986,3300.9133
17009,1,1464460987,3302.9507
17010,1,1464460989,3302.2266
17011,1,1464460990,3301.7651
17012,1,1464460992,3300.4343
17013,1,1464460993,3300.4854
17014,1,1464460995,3300.0686
17015,1,1464460996,3299.3684
17016,1,1464460997,3301.9478
17017,1,1464460999,3299.9814
17018,1,1464461000,3300.2253
17019,1,1464461002,3299.969
17020,1,1464461003,3299.493
17021,1,1464461005,3300.4932
17022,1,1464461006,3299.5806
17023,1,1464461008,3302.3818
17024,1,1464461009,3301.8098
17025,1,1464461011,3300.8835
17026,1,1464461012,3300.6487
17027,1,1464461013,3299.5398
17028,1,1464461015,3301.5627
17029,1,1464461016,3301.7512
17030,1,1464461018,3301.07
17031,1,1464461019,3302.0132
17032,1,1464461021,3302.2036
17033,1,1464461022,3300.5598
17034,1,1464461024,3301.2937
17035,1,1464461025,3301.3623
17036,1,1464461027,3299.288
17037,1,1464461028,3300.782
17038,1,1464461029,3300.7913
17039,1,1464461031,3300.9338
17040,1,1464461032,3300.8584
17041,1,1464461034,3299.9546
17042,1,1464461035,3299.578
17043,1,1464461037,3300.5706
17044,1,1464461038,3299.6516
17045,1,1464461040,3300.391
17046,1,1464461041,3299.5728
17047,1,1464461043,3299.555
17048,1,1464461044,3300.2002
17049,1,1464461045,3297.506
17050,1,1464461047,3298.2847
17051,1,1464461048,3297.2324
17052,1,1464461050,3299.7393
17053,1,1464461051,3300.7349
17054,1,1464461053,3302.031
17055,1,1464461054,3299.6265
17056,1,1464461056,3299.6003
17057,1,1464461057,3300.1577
17058,1,1464461059,3300.6433
17059,1,1464461060,3299.3337
17060,1,1464461062,3299.2678
17061,1,1464461063,3299.5425
17062,1,1464461064,3299.2969
17063,1,1464461066,3299.227
17064,1,1464461067,3299.0764
17065,1,1464461069,3298.3015
17066,1,1464461070,3298.433
17067,1,1464461072,3299.6567
17068,1,1464461073,3299.5225
17069,1,1464461075,3297.9421
17070,1,1464461076,3300.1558
17071,1,1464461078,3299.038
17072,1,1464461079,3297.4468
17073,1,1464461080,3296.1511
17074,1,1464461082,3299.0266
17075,1,1464461083,3299.8938
17076,1,1464461085,3299.516
17077,1,1464461086,3297.998
17078,1,1464461088,3297.0896
17079,1,1464461089,3300.6904
17080,1,1464461091,3299.7712
17081,1,1464461092,3299.3416
17082,1,1464461094,3298.5166
17083,1,1464461095,3298.2632
17084,1,1464461096,3298.025
17085,1,1464461098,3299.5142
17086,1,1464461099,3298.1562
17087,1,1464461101,3298.6946
17088,1,1464461102,3296.9602
17089,1,1464461104,3299.3223
17090,1,1464461105,3298.5242
17091,1,1464461107,3297.6226
17092,1,1464461108,3300.0244
17093,1,1464461110,3298.9985
17094,1,1464461111,3298.6821
17095,1,1464461113,3299.097
17096,1,1464461114,3299.712
17097,1,1464461115,3299.8257
17098,1,1464461117,3299.3853
17099,1,1464461118,3298.885
17100,1,1464461120,3300.2043
17101,1,1464461121,3298.7734
17102,1,1464461123,3299.8638
17103,1,1464461124,3300.432
17104,1,1464461126,3301.102
17105,1,1464461127,3300.6545
17106,1,1464461129,3298.631
17107,1,1464461130,3299.465
17108,1,1464461131,3300.4949
17109,1,1464461133,3298.232
17110,1,1464461134,3299.4187
17111,1,1464461136,3300.9639
17112,1,1464461137,3298.149
17113,1,1464461139,3298.749
17114,1,1464461140,3298.6301
17115,1,1464461142,3298.6802
17116,1,1464461143,3298.3223
17117,1,1464461145,3299.1804
17118,1,1464461146,3297.0498
17119,1,1464461147,3299.1133
17120,1,1464461149,3299.3074
17121,1,1464461150,3299.0005
17122,1,1464461152,3297.455
17123,1,1464461153,3298.2869
17124,1,1464461155,3300.565
17125,1,1464461156,3298.5671
17126,1,1464461158,3297.0361
17127,1,1464461159,3298.1228
17128,1,1464461161,3298.007
17129,1,1464461162,3299.7446
17130,1,1464461164,3299.149
17131,1,1464461165,3298.7354
17132,1,1464461166,3297.4626
17133,1,1464461168,3297.854
17134,1,1464461169,3298.7446
17135,1,1464461171,3296.03
17136,1,1464461172,3296.5032
17137,1,1464461174,3299.0396
17138,1,1464461175,3298.0476
17139,1,1464461177,3298.0427
17140,1,1464461178,3297.7896
17141,1,1464461180,3297.1614
17142,1,1464461181,3297.1553
17143,1,1464461182,3298.567
17144,1,1464461184,3298.6504
17145,1,1464461185,3297.1926
17146,1,1464461187,3296.0435
17147,1,1464461188,3297.303
17148,1,1464461190,3297.886
17149,1,1464461191,3296.469
17150,1,1464461193,3295.76
17151,1,1464461194,3296.7444
17152,1,1464461196,3297.9841
17153,1,1464461197,3295.8003
17154,1,1464461198,3297.737
17155,1,1464461200,3295.0957
17156,1,1464461201,3296.4692
17157,1,1464461203,3295.993
17158,1,1464461204,3295.2683
17159,1,1464461206,3295.5125
17160,1,1464461207,3294.2285
17161,1,1464461209,3296.2573
17162,1,1464461210,3295.8677
17163,1,1464461212,3296.1438
17164,1,1464461213,3294.923
17165,1,1464461214,3294.7944
17166,1,1464461216,3296.4734
17167,1,1464461217,3295.592
17168,1,1464461219,3296.7075
17169,1,1464461220,3295.7454
17170,1,1464461222,3297.4927
17171,1,1464461223,3295.17
17172,1,1464461225,3295.8958
17173,1,1464461226,3296.9807
17174,1,1464461228,3296.3796
17175,1,1464461229,3297.785
17176,1,1464461231,3295.794
17177,1,1464461232,3297.109
17178,1,1464461233,3297.3442
17179,1,1464461235,3297.7659
17180,1,1464461236,3298.6401
17181,1,1464461238,3297.3625
17182,1,1464461239,3297.1462
17183,1,1464461241,3297.008
17184,1,1464461242,3297.4011
17185,1,1464461244,3295.9685
17186,1,1464461245,3297.7668
17187,1,1464461247,3297.1167
17188,1,1464461248,3297.049
17189,1,1464461249,3298.5872
17190,1,1464461251,3299.8801
17191,1,1464461252,3297.0264
17192,1,1464461254,3298.4924
17193,1,1464461255,3297.7322
17194,1,1464461257,3298.4766
17195,1,1464461258,3296.67
17196,1,1464461260,3297.632
17197,1,1464461261,3298.6826
17198,1,1464461263,3298.6147
17199,1,1464461264,3298.9316
17200,1,1464461265,3299.3213
17201,1,1464461267,3298.805
17202,1,1464461268,3298.3572
17203,1,1464461270,3297.252
17204,1,1464461271,3297.6792
17205,1,1464461273,3298.623
17206,1,1464461274,3298.455
17207,1,1464461276,3298.7205
17208,1,1464461277,3297.6548
17209,1,1464461279,3297.783
17210,1,1464461280,3299.203
17211,1,1464461282,3298.7612
17212,1,1464461283,3297.8938
17213,1,1464461284,3297.7786
17214,1,1464461286,3298.8853
17215,1,1464461287,3298.0815
17216,1,1464461289,3297.751
17217,1,1464461290,3299.27
17218,1,1464461292,3299.7336
17219,1,1464461293,3298.5703
17220,1,1464461295,3298.0024
17221,1,1464461296,3295.9287
17222,1,1464461298,3294.4219
17223,1,1464461299,3295.916
17224,1,1464461300,3297.5122
17225,1,1464461302,3295.8926
17226,1,1464461303,3297.8352
17227,1,1464461305,3296.6772
17228,1,1464461306,3296.8157
17229,1,1464461308,3296.5713
17230,1,1464461309,3296.063
17231,1,1464461311,3295.8403
17232,1,1464461312,3294.8047
17233,1,1464461314,3295.7417
17234,1,1464461315,3295.8591
17235,1,1464461316,3295.2825
17236,1,1464461318,3294.5566
17237,1,1464461319,3295.5896
17238,1,1464461321,3296.107
17239,1,1464461322,3295.6145
17240,1,1464461324,3296.229
17241,1,1464461325,3295.9517
17242,1,1464461327,3294.732
17243,1,1464461328,3294.1501
17244,1,1464461330,3295.163
17245,1,1464461331,3294.4314
17246,1,1464461333,3294.6453
17247,1,1464461334,3295.1094
17248,1,1464461335,3293.1526
17249,1,1464461337,3294.3342
17250,1,1464461338,3293.5437
17251,1,1464461340,3293.0232
17252,1,1464461341,3294.65
17253,1,1464461343,3293.9648
17254,1,1464461344,3295.3184
17255,1,1464461346,3294.7883
17256,1,1464461347,3294.3188
17257,1,1464461349,3294.3992
17258,1,1464461350,3294.6758
17259,1,1464461351,3293.811
17260,1,1464461353,3295.3118
17261,1,1464461354,3295.2441
17262,1,1464461356,3295.038
17263,1,1464461357,3294.7942
17264,1,1464461359,3295.304
17265,1,1464461360,3296.4397
17266,1,1464461362,3296.1504
17267,1,1464461363,3295.1619
17268,1,1464461365,3295.5564
17269,1,1464461366,3296.733
17270,1,1464461367,3296.4922
17271,1,1464461369,3295.345
17272,1,1464461370,3296.1445
17273,1,1464461372,3295.6663
17274,1,1464461373,3296.479
17275,1,1464461375,3296.541
17276,1,1464461376,3297.3494
17277,1,1464461378,3297.0437
17278,1,1464461379,3296.0535
17279,1,1464461381,3297.2158
17280,1,1464461382,3296.0388
17281,1,1464461383,3296.954
17282,1,1464461385,3295.9985
17283,1,1464461386,3296.4304
17284,1,1464461388,3296.8337
17285,1,1464461389,3295.6257
17286,1,1464461391,3296.0054
17287,1,1464461392,3296.1836
17288,1,1464461394,3296.029
17289,1,1464461395,3294.751
17290,1,1464461397,3296.1816
17291,1,1464461398,3295.249
17292,1,1464461400,3296.9663
17293,1,1464461401,3296.6702
17294,1,1464461402,3295.895
17295,1,1464461404,3297.4773
17296,1,1464461405,3297.2083
17297,1,1464461407,3295.478
17298,1,1464461408,3296.3445
17299,1,1464461410,3294.7495
17300,1,1464461411,3296.533
17301,1,1464461413,3296.6875
17302,1,1464461414,3295.792
17303,1,1464461416,3294.8206
17304,1,1464461417,3293.9053
17305,1,1464461418,3294.8562
17306,1,1464461420,3294.8882
17307,1,1464461421,3295.3335
17308,1,1464461423,3294.091
17309,1,1464461424,3294.1865
17310,1,1464461426,3294.5203
17311,1,1464461427,3294.2427
17312,1,1464461429,3293.6477
17313,1,1464461430,3294.1006
17314,1,1464461432,3294.4436
17315,1,1464461433,3294.115
17316,1,1464461434,3294.3445
17317,1,1464461436,3293.5981
17318,1,1464461437,3295.1633
17319,1,1464461439,3294.1172
17320,1,1464461440,3294.414
17321,1,1464461442,3295.4673
17322,1,1464461443,3293.8503
17323,1,1464461445,3293.3413
17324,1,1464461446,3295.0513
17325,1,1464461448,3292.8672
17326,1,1464461449,3291.5496
17327,1,1464461451,3290.6257
17328,1,1464461452,3292.9832
17329,1,1464461453,3294.0037
17330,1,1464461455,3293.027
17331,1,1464461456,3292.778
17332,1,1464461458,3294.3384
17333,1,1464461459,3292.5137
17334,1,1464461461,3292.447
17335,1,1464461462,3291.4897
17336,1,1464461464,3291.0493
17337,1,1464461465,3292.9622
17338,1,1464461467,3293.516
17339,1,1464461468,3292.443
17340,1,1464461469,3291.9604
17341,1,1464461471,3292.847
17342,1,1464461472,3293.4368
17343,1,1464461474,3293.2947
17344,1,1464461475,3290.9485
17345,1,1464461477,3292.7605
17346,1,1464461478,3293.6914
17347,1,1464461480,3292.937
17348,1,1464461481,3291.302
17349,1,1464461483,3292.5603
17350,1,1464461484,3292.2722
17351,1,1464461485,3293.6536
17352,1,1464461487,3293.3977
17353,1,1464461488,3292.6157
17354,1,1464461490,3293.8047
17355,1,1464461491,3294.652
17356,1,1464461493,3292.495
17357,1,1464461494,3292.5903
17358,1,1464461496,3292.768
17359,1,1464461497,3292.7068
17360,1,1464461499,3293.2134
17361,1,1464461500,3293.3687
17362,1,1464461502,3293.668
17363,1,1464461503,3293.568
17364,1,1464461504,3292.9734
17365,1,1464461506,3292.5234
17366,1,1464461507,3292.9792
17367,1,1464461509,3294.7747
17368,1,1464461510,3293.4507
17369,1,1464461512,3293.3132
17370,1,1464461513,3292.9058
17371,1,1464461515,3293.0066
17372,1,1464461516,3294.023
17373,1,1464461518,3292.3823
17374,1,1464461519,3293.17
17375,1,1464461520,3291.6772
17376,1,1464461522,3292.7786
17377,1,1464461523,3291.5059
17378,1,1464461525,3294.013
17379,1,1464461526,3292.7615
17380,1,1464461528,3290.7537
17381,1,1464461529,3291.737
17382,1,1464461531,3290.8755
17383,1,1464461532,3291.1052
17384,1,1464461534,3292.2476
17385,1,1464461535,3291.247
17386,1,1464461536,3291.1382
17387,1,1464461538,3291.2356
17388,1,1464461539,3291.5015
17389,1,1464461541,3290.5942
17390,1,1464461542,3289.5256
17391,1,1464461544,3291.8682
17392,1,1464461545,3292.3718
17393,1,1464461547,3292.0037
17394,1,1464461548,3290.2773
17395,1,1464461550,3290.7595
17396,1,1464461551,3290.6135
17397,1,1464461553,3289.7346
17398,1,1464461554,3290.973
17399,1,1464461555,3291.632
17400,1,1464461557,3290.1572
17401,1,1464461558,3289.3867
17402,1,1464461560,3289.8406
17403,1,1464461561,3290.6836
17404,1,1464461563,3291.6047
17405,1,1464461564,3291.2302
17406,1,1464461566,3291.406
17407,1,1464461567,3290.8347
17408,1,1464461569,3290.596
17409,1,1464461570,3291.626
17410,1,1464461571,3292.095
17411,1,1464461573,3290.5955
17412,1,1464461574,3290.8596
17413,1,1464461576,3291.7942
17414,1,1464461577,3290.752
17415,1,1464461579,3292.8047
17416,1,1464461580,3290.996
17417,1,1464461582,3292.8003
17418,1,1464461583,3292.335
17419,1,1464461585,3292.2588
17420,1,1464461586,3291.904
17421,1,1464461587,3292.5703
17422,1,1464461589,3292.691
17423,1,1464461590,3292.3235
17424,1,1464461592,3293.1912
17425,1,1464461593,3293.8682
17426,1,1464461595,3293.8442
17427,1,1464461596,3292.7378
17428,1,1464461598,3292.473
17429,1,1464461599,3291.793
17430,1,1464461601,3292.7607
17431,1,1464461602,3292.7114
17432,1,1464461603,3292.0598
17433,1,1464461605,3292.7378
17434,1,1464461606,3293.473
17435,1,1464461608,3292.057
17436,1,1464461609,3289.9067
17437,1,1464461611,3290.418
17438,1,1464461612,3291.1187
17439,1,1464461614,3293.0134
17440,1,1464461615,3291.1091
17441,1,1464461617,3290.524
17442,1,1464461618,3291.11
17443,1,1464461620,3290.9685
17444,1,1464461621,3289.6433
17445,1,1464461622,3290.299
17446,1,1464461624,3290.6167
17447,1,1464461625,3290.0828
17448,1,1464461627,3290.1716
17449,1,1464461628,3291.5903
17450,1,1464461630,3291.4434
17451,1,1464461631,3290.011
17452,1,1464461633,3289.6958
17453,1,1464461634,3288.3184
17454,1,1464461636,3287.614
17455,1,1464461637,3287.823
17456,1,1464461638,3286.2192
17457,1,1464461640,3289.0789
17458,1,1464461641,3289.5264
17459,1,1464461643,3290.6338
17460,1,1464461644,3289.882
17461,1,1464461646,3288.3313
17462,1,1464461647,3289.4893
17463,1,1464461649,3289.6394
17464,1,1464461650,3284.9321
17465,1,1464461652,3286.6348
17466,1,1464461653,3285.6821
17467,1,1464461654,3285.493
17468,1,1464461656,3284.9578
17469,1,1464461657,3286.4236
17470,1,1464461659,3286.309
17471,1,1464461660,3286.634
17472,1,1464461662,3285.998
17473,1,1464461663,3287.0723
17474,1,1464461665,3282.7534
17475,1,1464461666,3283.4387
17476,1,1464461668,3280.136
17477,1,1464461669,3282.0103
17478,1,1464461671,3280.5571
17479,1,1464461672,3280.5793
17480,1,1464461673,3280.6555
17481,1,1464461675,3281.6562
17482,1,1464461676,3281.7134
17483,1,1464461678,3281.4158
17484,1,1464461679,3283.0342
17485,1,1464461681,3280.5261
17486,1,1464461682,3280.0652
17487,1,1464461684,3279.8247
17488,1,1464461685,3280.422
17489,1,1464461687,3279.9724
17490,1,1464461688,3281.065
17491,1,1464461689,3280.3418
17492,1,1464461691,3278.1677
17493,1,1464461692,3280.4194
17494,1,1464461694,3279.1396
17495,1,1464461695,3280.0916
17496,1,1464461697,3281.0933
17497,1,1464461698,3278.0947
17498,1,1464461700,3282.0884
17499,1,1464461701,3280.2756
17500,1,1464461703,3280.0723
17501,1,1464461704,3280.416
17502,1,1464461705,3280.2388
17503,1,1464461707,3281.2292
17504,1,1464461708,3281.07
17505,1,1464461710,3280.194
17506,1,1464461711,3280.662
17507,1,1464461713,3282.0635
17508,1,1464461714,3281.1995
17509,1,1464461716,3280.8691
17510,1,1464461717,3280.4182
17511,1,1464461719,3281.2905
17512,1,1464461720,3280.6675
17513,1,1464461722,3280.06
17514,1,1464461723,3279.4097
17515,1,1464461724,3280.372
17516,1,1464461726,3280.003
17517,1,1464461727,3280.3945
17518,1,1464461729,3280.007
17519,1,1464461730,3278.6016
17520,1,1464461732,3280.1033
17521,1,1464461733,3279.3857
17522,1,1464461735,3280.4846
17523,1,1464461736,3280.276
17524,1,1464461738,3279.9905
17525,1,1464461739,3279.3772
17526,1,1464461740,3277.8992
17527,1,1464461742,3277.1443
17528,1,1464461743,3276.601
17529,1,1464461745,3276.6106
17530,1,1464461746,3276.863
17531,1,1464461748,3278.0671
17532,1,1464461749,3277.9937
17533,1,1464461751,3274.6145
17534,1,1464461752,3274.8403
17535,1,1464461754,3276.8125
17536,1,1464461755,3278.6104
17537,1,1464461756,3277.813
17538,1,1464461758,3270.2307
17539,1,1464461759,3273.1292
17540,1,1464461761,3277.4153
17541,1,1464461762,3274.5703
17542,1,1464461764,3274.984
17543,1,1464461765,3277.7073
17544,1,1464461767,3278.1252
17545,1,1464461768,3278.127
17546,1,1464461770,3276.6519
17547,1,1464461771,3276.9695
17548,1,1464461772,3276.5322
17549,1,1464461774,3277.5767
17550,1,1464461775,3275.309
17551,1,1464461777,3276.6755
17552,1,1464461778,3277.0596
17553,1,1464461780,3275.7065
17554,1,1464461781,3274.912
17555,1,1464461783,3275.0938
17556,1,1464461784,3275.9707
17557,1,1464461786,3275.1865
17558,1,1464461787,3275.539
17559,1,1464461789,3275.1995
17560,1,1464461790,3274.6995
17561,1,1464461791,3276.0947
17562,1,1464461793,3276.5132
17563,1,1464461794,3275.0535
17564,1,1464461796,3275.1487
17565,1,1464461797,3275.7515
17566,1,1464461799,3275.764
17567,1,1464461800,3275.4536
17568,1,1464461802,3277.2776
17569,1,1464461803,3276.3906
17570,1,1464461805,3276.1223
17571,1,1464461806,3276.758
17572,1,1464461807,3276.1226
17573,1,1464461809,3276.6194
17574,1,1464461810,3276.0376
17575,1,1464461812,3277.1797
17576,1,1464461813,3277.9124
17577,1,1464461815,3277.9248
17578,1,1464461816,3278.6523
17579,1,1464461818,3278.455
17580,1,1464461819,3276.1643
17581,1,1464461821,3278.5015
17582,1,1464461822,3277.214
17583,1,1464461823,3275.9053
17584,1,1464461825,3277.651
17585,1,1464461826,3277.3408
17586,1,1464461828,3276.005
17587,1,1464461829,3276.9949
17588,1,1464461831,3276.6753
17589,1,1464461832,3276.5056
17590,1,1464461834,3277.1414
17591,1,1464461835,3276.252
17592,1,1464461837,3276.5493
17593,1,1464461838,3275.274
17594,1,1464461840,3276.0645
17595,1,1464461841,3276.33
17596,1,1464461842,3276.1704
17597,1,1464461844,3276.8833
17598,1,1464461845,3277.6978
17599,1,1464461847,3276.4602
17600,1,1464461848,3275.3745
17601,1,1464461850,3274.3506
17602,1,1464461851,3275.4695
17603,1,1464461853,3276.2156
17604,1,1464461854,3274.8535
17605,1,1464461856,3274.508
17606,1,1464461857,3275.5679
17607,1,1464461858,3274.2197
17608,1,1464461860,3276.8945
17609,1,1464461861,3274.317
17610,1,1464461863,3276.5295
17611,1,1464461864,3275.4702
17612,1,1464461866,3276.3835
17613,1,1464461867,3274.969
17614,1,1464461869,3273.0881
17615,1,1464461870,3274.8027
17616,1,1464461872,3275.55
17617,1,1464461873,3274.147
17618,1,1464461874,3274.5552
17619,1,1464461876,3274.7952
17620,1,1464461877,3274.611
17621,1,1464461879,3274.6067
17622,1,1464461880,3274.0835
17623,1,1464461882,3274.9917
17624,1,1464461883,3274.535
17625,1,1464461885,3274.6667
17626,1,1464461886,3274.5557
17627,1,1464461888,3274.9536
17628,1,1464461889,3273.3896
17629,1,1464461891,3273.5862
17630,1,1464461892,3272.7664
17631,1,1464461893,3273.2402
17632,1,1464461895,3272.676
17633,1,1464461896,3272.6433
17634,1,1464461898,3273.1829
17635,1,1464461899,3274.2197
17636,1,1464461901,3273.8555
17637,1,1464461902,3273.2493
17638,1,1464461904,3273.1726
17639,1,1464461905,3272.689
17640,1,1464461907,3272.7478
17641,1,1464461908,3273.5525
17642,1,1464461909,3274.115
17643,1,1464461911,3274.091
17644,1,1464461912,3272.7424
17645,1,1464461914,3273.4485
17646,1,1464461915,3274.2668
17647,1,1464461917,3272.7744
17648,1,1464461918,3274.097
17649,1,1464461920,3274.5764
17650,1,1464461921,3274
17651,1,1464461923,3274.2544
17652,1,1464461924,3273.0325
17653,1,1464461925,3274.1477
17654,1,1464461927,3274.2407
17655,1,1464461928,3273.9714
17656,1,1464461930,3274.8506
17657,1,1464461931,3275.4421
17658,1,1464461933,3273.7378
17659,1,1464461934,3273.1853
17660,1,1464461936,3273.644
17661,1,1464461937,3273.4373
17662,1,1464461939,3273.4312
17663,1,1464461940,3274.0623
17664,1,1464461941,3274.3691
17665,1,1464461943,3273.313
17666,1,1464461944,3272.25
17667,1,1464461946,3271.3328
17668,1,1464461947,3272.049
17669,1,1464461949,3273.1782
17670,1,1464461950,3272.0154
17671,1,1464461952,3273.4014
17672,1,1464461953,3274.1638
17673,1,1464461955,3272.9512
17674,1,1464461956,3274.5237
17675,1,1464461958,3272.4722
17676,1,1464461959,3275.3638
17677,1,1464461960,3273.2856
17678,1,1464461962,3273.0364
17679,1,1464461963,3274.2605
17680,1,1464461965,3274.045
17681,1,1464461966,3274.49
17682,1,1464461968,3272.7705
17683,1,1464461969,3274.3918
17684,1,1464461971,3274.9448
17685,1,1464461972,3273.3665
17686,1,1464461974,3274.2107
17687,1,1464461975,3274.2432
17688,1,1464461976,3273.7673
17689,1,1464461978,3271.5159
17690,1,1464461979,3273.1082
17691,1,1464461981,3272.7417
17692,1,1464461982,3274.367
17693,1,1464461984,3274.2168
17694,1,1464461985,3273.536
17695,1,1464461987,3273.399
17696,1,1464461988,3273.8467
17697,1,1464461990,3274.4336
17698,1,1464461991,3273.5066
17699,1,1464461992,3273.6611
17700,1,1464461994,3273.0366
17701,1,1464461995,3271.545
17702,1,1464461997,3272.271
17703,1,1464461998,3272.2617
17704,1,1464462000,3271.22
17705,1,1464462001,3270.941
17706,1,1464462003,3270.0806
17707,1,1464462004,3270.7668
17708,1,1464462006,3270.0752
17709,1,1464462007,3268.8806
17710,1,1464462009,3269.8684
17711,1,1464462010,3270.4138
17712,1,1464462011,3269.0889
17713,1,1464462013,3269.0022
17714,1,1464462014,3270.765
17715,1,1464462016,3270.2544
17716,1,1464462017,3271.6584
17717,1,1464462019,3268.9617
17718,1,1464462020,3270.0342
17719,1,1464462022,3269.8157
17720,1,1464462023,3271.139
17721,1,1464462025,3270.762
17722,1,1464462026,3270.311
17723,1,1464462027,3270.3203
17724,1,1464462029,3271.9907
17725,1,1464462030,3271.294
17726,1,1464462032,3271.8655
17727,1,1464462033,3269.622
17728,1,1464462035,3270.923
17729,1,1464462036,3269.6064
17730,1,1464462038,3268.5417
17731,1,1464462039,3269.579
17732,1,1464462041,3269.2754
17733,1,1464462042,3270.0957
17734,1,1464462043,3270.4932
17735,1,1464462045,3269.2068
17736,1,1464462046,3271.3171
17737,1,1464462048,3269.335
17738,1,1464462049,3270.8186
17739,1,1464462051,3270.2966
17740,1,1464462052,3271.6345
17741,1,1464462054,3271.7766
17742,1,1464462055,3272.669
17743,1,1464462057,3270.1882
17744,1,1464462058,3269.5334
17745,1,1464462060,3271.6113
17746,1,1464462061,3272.5862
17747,1,1464462062,3265.7527
17748,1,1464462064,3266.1365
17749,1,1464462065,3273.4446
17750,1,1464462067,3273.3916
17751,1,1464462068,3269.149
17752,1,1464462070,3265.312
17753,1,1464462071,3268.777
17754,1,1464462073,3272.1353
17755,1,1464462074,3273.3132
17756,1,1464462076,3274.4294
17757,1,1464462077,3272.4038
17758,1,1464462078,3273.5547
17759,1,1464462080,3272.0403
17760,1,1464462081,3275.9663
17761,1,1464462083,3275.1277
17762,1,1464462084,3271.9124
17763,1,1464462086,3272.472
17764,1,1464462087,3275.119
17765,1,1464462089,3275.6895
17766,1,1464462090,3271.6128
17767,1,1464462092,3271.1272
17768,1,1464462093,3274.1504
17769,1,1464462094,3272.8853
17770,1,1464462096,3270.1572
17771,1,1464462097,3269.6638
17772,1,1464462099,3272.755
17773,1,1464462100,3271.0728
17774,1,1464462102,3269.9133
17775,1,1464462103,3270.665
17776,1,1464462105,3272.0479
17777,1,1464462106,3271.8813
17778,1,1464462108,3271.6755
17779,1,1464462109,3269.1965
17780,1,1464462110,3271.0686
17781,1,1464462112,3272.9924
17782,1,1464462113,3270.5552
17783,1,1464462120,3269.1929
17784,1,1464462122,3270.805
17785,1,1464462124,3270.9546
17786,1,1464462125,3270.5017
17787,1,1464462127,3270.4993
17788,1,1464462128,3269.583
17789,1,1464462129,3272.514
17790,1,1464462131,3271.954
17791,1,1464462132,3272.3953
17792,1,1464462134,3272.0889
17793,1,1464462135,3269.9885
17794,1,1464462137,3271.1267
17795,1,1464462138,3271.6243
17796,1,1464462140,3269.7708
17797,1,1464462141,3270.447
17798,1,1464462143,3270.9758
17799,1,1464462144,3270.7822
17800,1,1464462145,3271.3293
17801,1,1464462147,3271.6838
17802,1,1464462148,3271.6558
17803,1,1464462150,3270.8772
17804,1,1464462151,3270.8765
17805,1,1464462153,3272.8718
17806,1,1464462154,3271.38
17807,1,1464462156,3271.9397
17808,1,1464462157,3271.7131
17809,1,1464462159,3271.7708
17810,1,1464462160,3271.4316
17811,1,1464462161,3272.1775
17812,1,1464462163,3270.643
17813,1,1464462164,3271.3694
17814,1,1464462166,3271.4858
17815,1,1464462167,3270.3782
17816,1,1464462169,3271.5522
17817,1,1464462170,3272.7805
17818,1,1464462172,3271.9412
17819,1,1464462173,3273.2593
17820,1,1464462175,3272.1755
17821,1,1464462176,3272.3523
17822,1,1464462178,3271.9297
17823,1,1464462179,3271.7117
17824,1,1464462180,3273.588
17825,1,1464462182,3273.283
17826,1,1464462183,3272.4868
17827,1,1464462185,3271.7827
17828,1,1464462186,3272.1567
17829,1,1464462188,3271.342
17830,1,1464462189,3271.6365
17831,1,1464462191,3271.0498
17832,1,1464462192,3272.2583
17833,1,1464462194,3272.4084
17834,1,1464462195,3270.9338
17835,1,1464462196,3273.104
17836,1,1464462198,3271.806
17837,1,1464462199,3271.441
17838,1,1464462201,3271.4373
17839,1,1464462202,3272.0715
17840,1,1464462204,3271.3206
17841,1,1464462205,3269.633
17842,1,1464462207,3270.934
17843,1,1464462208,3271.1482
17844,1,1464462210,3270.5244
17845,1,1464462211,3271.9802
17846,1,1464462212,3270.9768
17847,1,1464462214,3271.9587
17848,1,1464462215,3271.1455
17849,1,1464462217,3270.7158
17850,1,1464462218,3268.4673
17851,1,1464462220,3268.8616
17852,1,1464462221,3269.0813
17853,1,1464462223,3269.3804
17854,1,1464462224,3268.377
17855,1,1464462226,3270.943
17856,1,1464462227,3269.229
17857,1,1464462229,3268.6365
17858,1,1464462230,3268.0771
17859,1,1464462231,3269.0042
17860,1,1464462233,3268.8108
17861,1,1464462234,3268.8347
17862,1,1464462236,3267.7007
17863,1,1464462237,3268.038
17864,1,1464462239,3268.9915
17865,1,1464462240,3267.6067
17866,1,1464462242,3269.6157
17867,1,1464462243,3269.013
17868,1,1464462245,3269.0723
17869,1,1464462246,3270.7888
17870,1,1464462247,3268.034
17871,1,1464462249,3267.4849
17872,1,1464462250,3268.3074
17873,1,1464462252,3267.631
17874,1,1464462253,3268.2732
17875,1,1464462255,3269.2576
17876,1,1464462256,3268.6692
17877,1,1464462258,3268.9465
17878,1,1464462259,3269.6658
17879,1,1464462261,3268.0283
17880,1,1464462262,3268.4995
17881,1,1464462263,3269.1182
17882,1,1464462265,3268.6511
17883,1,1464462266,3269.2573
17884,1,1464462268,3269.307
17885,1,1464462269,3268.1685
17886,1,1464462271,3267.8281
17887,1,1464462272,3268.5598
17888,1,1464462274,3268.4812
17889,1,1464462275,3270.0452
17890,1,1464462277,3270.3823
17891,1,1464462278,3269.8865
17892,1,1464462279,3270.9883
17893,1,1464462281,3270.5076
17894,1,1464462282,3271.2854
17895,1,1464462284,3270.6887
17896,1,1464462285,3269.8083
17897,1,1464462287,3270.6326
17898,1,1464462288,3268.8774
17899,1,1464462290,3271.0066
17900,1,1464462291,3270.4648
17901,1,1464462293,3269.2969
17902,1,1464462294,3270.2617
17903,1,1464462296,3270.2878
17904,1,1464462297,3271.0337
17905,1,1464462298,3270.8381
17906,1,1464462300,3271.8652
17907,1,1464462301,3269.5342
17908,1,1464462303,3269.7056
17909,1,1464462304,3269.2786
17910,1,1464462306,3269.5376
17911,1,1464462307,3267.961
17912,1,1464462309,3268.0273
17913,1,1464462310,3268.3696
17914,1,1464462312,3267.7375
17915,1,1464462313,3266.899
17916,1,1464462314,3267.8992
17917,1,1464462316,3268.5137
17918,1,1464462317,3265.9685
17919,1,1464462319,3267.5332
17920,1,1464462320,3266.1895
17921,1,1464462322,3266.0225
17922,1,1464462323,3266.15
17923,1,1464462325,3267.0867
17924,1,1464462326,3265.865
17925,1,1464462328,3265.2932
17926,1,1464462329,3264.7773
17927,1,1464462330,3266.6829
17928,1,1464462332,3265.588
17929,1,1464462333,3265.803
17930,1,1464462335,3264.748
17931,1,1464462336,3267.8196
17932,1,1464462338,3265.1567
17933,1,1464462339,3267.2556
17934,1,1464462341,3265.6567
17935,1,1464462342,3264.443
17936,1,1464462344,3266.483
17937,1,1464462345,3265.997
17938,1,1464462347,3265.4868
17939,1,1464462348,3265.1316
17940,1,1464462349,3264.3232
17941,1,1464462351,3252.7249
17942,1,1464462352,3253.2002
17943,1,1464462354,3258.9226
17944,1,1464462355,3265.02
17945,1,1464462357,3266.8474
17946,1,1464462358,3266.3752
17947,1,1464462360,3266.7852
17948,1,1464462361,3267.6555
17949,1,1464462363,3268.0813
17950,1,1464462364,3268.1313
17951,1,1464462365,3268.626
17952,1,1464462367,3269.1445
17953,1,1464462368,3268.4038
17954,1,1464462370,3269.4053
17955,1,1464462371,3270.085
17956,1,1464462373,3269.7146
17957,1,1464462374,3269.6968
17958,1,1464462376,3271.5322
17959,1,1464462377,3273.1243
17960,1,1464462379,3271.2246
17961,1,1464462380,3273.5957
17962,1,1464462381,3274.0408
17963,1,1464462383,3273.3862
17964,1,1464462384,3273.1665
17965,1,1464462386,3272.5242
17966,1,1464462387,3272.6985
17967,1,1464462389,3272.5063
17968,1,1464462390,3272.8232
17969,1,1464462392,3274.0947
17970,1,1464462393,3273.7769
17971,1,1464462395,3273.7166
17972,1,1464462396,3274.116
17973,1,1464462398,3273.472
17974,1,1464462399,3273.396
17975,1,1464462400,3273.8682
17976,1,1464462402,3273.7505
17977,1,1464462403,3273.2205
17978,1,1464462405,3272.0957
17979,1,1464462406,3273.8008
17980,1,1464462408,3272.4927
17981,1,1464462409,3272.2551
17982,1,1464462411,3273.7695
17983,1,1464462412,3273.2432
17984,1,1464462414,3275.0942
17985,1,1464462415,3272.7998
17986,1,1464462416,3274.458
17987,1,1464462418,3274.7153
17988,1,1464462419,3273.6367
17989,1,1464462421,3273.1348
17990,1,1464462422,3272.1233
17991,1,1464462424,3273.8362
17992,1,1464462425,3273.1326
17993,1,1464462427,3275.3757
17994,1,1464462428,3272.2056
17995,1,1464462430,3272.728
17996,1,1464462431,3272.5874
17997,1,1464462432,3272.3677
17998,1,1464462434,3272.2292
17999,1,1464462435,3271.8845
18000,1,1464462437,3271.8235
18001,1,1464462438,3272.3328
18002,1,1464462440,3272.4658
18003,1,1464462441,3271.5073
18004,1,1464462443,3270.8943
18005,1,1464462444,3270.389
18006,1,1464462446,3271.1245
18007,1,1464462447,3271.535
18008,1,1464462448,3270.8926
18009,1,1464462450,3270.837
18010,1,1464462451,3272.1824
18011,1,1464462453,3269.756
18012,1,1464462454,3272.1636
18013,1,1464462456,3270.4978
18014,1,1464462457,3270.036
18015,1,1464462459,3269.746
18016,1,1464462460,3269.971
18017,1,1464462462,3269.3486
18018,1,1464462463,3268.591
18019,1,1464462465,3268.9958
18020,1,1464462466,3269.2659
18021,1,1464462467,3269.3025
18022,1,1464462469,3268.6558
18023,1,1464462470,3269.8215
18024,1,1464462472,3267.9219
18025,1,1464462473,3265.7632
18026,1,1464462475,3269.818
18027,1,1464462476,3269.7722
18028,1,1464462478,3269.3733
18029,1,1464462479,3267.6367
18030,1,1464462481,3269.4756
18031,1,1464462482,3269.0164
18032,1,1464462483,3268.4182
18033,1,1464462485,3267.53
18034,1,1464462486,3267.9585
18035,1,1464462488,3269.461
18036,1,1464462489,3269.243
18037,1,1464462491,3268.6445
18038,1,1464462492,3269.7258
18039,1,1464462494,3270.066
18040,1,1464462495,3267.9712
18041,1,1464462497,3270.0906
18042,1,1464462498,3267.776
18043,1,1464462499,3269.4272
18044,1,1464462501,3269.25
18045,1,1464462502,3268.8425
18046,1,1464462504,3269.1792
18047,1,1464462505,3268.9236
18048,1,1464462507,3268.02
18049,1,1464462508,3269.0369
18050,1,1464462510,3271.202
18051,1,1464462511,3269.3584
18052,1,1464462513,3270.6653
18053,1,1464462514,3271.5505
18054,1,1464462516,3271.331
18055,1,1464462517,3269.6296
18056,1,1464462518,3269.2444
18057,1,1464462520,3269
18058,1,1464462521,3269.7278
18059,1,1464462523,3270.1753
18060,1,1464462524,3263.192
18061,1,1464462526,3249.7732
18062,1,1464462527,3249.259
18063,1,1464462529,3259.4119
18064,1,1464462530,3270.4119
18065,1,1464462532,3269.8047
18066,1,1464462533,3270.7764
18067,1,1464462534,3270.6292
18068,1,1464462536,3269.5525
18069,1,1464462537,3268.326
18070,1,1464462539,3269.0535
18071,1,1464462540,3269.5312
18072,1,1464462542,3268.5027
18073,1,1464462543,3269.508
18074,1,1464462545,3267.8064
18075,1,1464462546,3268.9648
18076,1,1464462548,3268.6812
18077,1,1464462549,3269.43
18078,1,1464462550,3268.7646
18079,1,1464462552,3269.0266
18080,1,1464462553,3269.3909
18081,1,1464462555,3268.6545
18082,1,1464462556,3266.971
18083,1,1464462558,3269.7947
18084,1,1464462559,3268.535
18085,1,1464462561,3267.6099
18086,1,1464462562,3269.5867
18087,1,1464462564,3268.6042
18088,1,1464462565,3268.2646
18089,1,1464462566,3268.905
18090,1,1464462568,3268.4414
18091,1,1464462569,3268.0396
18092,1,1464462571,3267.023
18093,1,1464462572,3268.879
18094,1,1464462574,3268.301
18095,1,1464462575,3267.4116
18096,1,1464462577,3268.4773
18097,1,1464462578,3268.7554
18098,1,1464462580,3267.5522
18099,1,1464462581,3268.2048
18100,1,1464462583,3268.4302
18101,1,1464462584,3269.1685
18102,1,1464462585,3268.1372
18103,1,1464462587,3269.6023
18104,1,1464462588,3267.3765
18105,1,1464462590,3267.528
18106,1,1464462591,3269.1987
18107,1,1464462593,3269.2505
18108,1,1464462594,3268.811
18109,1,1464462596,3269.4421
18110,1,1464462597,3269.477
18111,1,1464462599,3268.0479
18112,1,1464462600,3268.1382
18113,1,1464462601,3269.869
18114,1,1464462603,3270.066
18115,1,1464462604,3268.3228
18116,1,1464462606,3270.9148
18117,1,1464462607,3268.5056
18118,1,1464462609,3269.334
18119,1,1464462610,3268.2302
18120,1,1464462612,3268.3145
18121,1,1464462613,3270.5488
18122,1,1464462615,3269.0361
18123,1,1464462616,3270.266
18124,1,1464462617,3269.9932
18125,1,1464462619,3269.7078
18126,1,1464462620,3271.6375
18127,1,1464462622,3270.838
18128,1,1464462623,3269.6223
18129,1,1464462625,3269.2915
18130,1,1464462626,3267.7598
18131,1,1464462628,3269.132
18132,1,1464462629,3269.0488
18133,1,1464462631,3270.3772
18134,1,1464462632,3269.121
18135,1,1464462634,3270.018
18136,1,1464462635,3268.544
18137,1,1464462636,3269.287
18138,1,1464462638,3268.3296
18139,1,1464462639,3269.335
18140,1,1464462641,3269.0278
18141,1,1464462642,3267.8247
18142,1,1464462644,3267.7134
18143,1,1464462645,3268.885
18144,1,1464462647,3267.2285
18145,1,1464462648,3267.696
18146,1,1464462650,3267.99
18147,1,1464462651,3266.0386
18148,1,1464462652,3267.0193
18149,1,1464462654,3267.023
18150,1,1464462655,3267.808
18151,1,1464462657,3265.6907
18152,1,1464462658,3264.822
18153,1,1464462660,3264.912
18154,1,1464462661,3262.569
18155,1,1464462663,3266.3623
18156,1,1464462664,3266.042
18157,1,1464462666,3264.5227
18158,1,1464462667,3265.4338
18159,1,1464462668,3264.7363
18160,1,1464462670,3264.247
18161,1,1464462671,3264.2283
18162,1,1464462673,3264.2703
18163,1,1464462674,3264.1924
18164,1,1464462676,3265.0544
18165,1,1464462677,3262.6846
18166,1,1464462679,3263.5842
18167,1,1464462680,3264.0264
18168,1,1464462682,3265.466
18169,1,1464462683,3263.651
18170,1,1464462685,3264.4028
18171,1,1464462686,3263.376
18172,1,1464462687,3263.4797
18173,1,1464462689,3264.6
18174,1,1464462690,3263.4106
18175,1,1464462692,3264.6082
18176,1,1464462693,3264.7332
18177,1,1464462695,3264.751
18178,1,1464462696,3263.561
18179,1,1464462698,3262.9185
18180,1,1464462699,3265.0664
18181,1,1464462701,3265.5405
18182,1,1464462702,3265.0884
18183,1,1464462703,3264.4849
18184,1,1464462705,3265.149
18185,1,1464462706,3265.843
18186,1,1464462708,3265.9158
18187,1,1464462709,3264.425
18188,1,1464462711,3265.09
18189,1,1464462712,3265.4883
18190,1,1464462714,3266.6514
18191,1,1464462715,3266.4114
18192,1,1464462717,3266.2192
18193,1,1464462718,3265.4648
18194,1,1464462719,3265.6472
18195,1,1464462721,3265.2605
18196,1,1464462722,3266.1794
18197,1,1464462724,3266.5051
18198,1,1464462725,3264.9011
18199,1,1464462727,3264.4973
18200,1,1464462728,3264.3691
18201,1,1464462730,3264.794
18202,1,1464462731,3265.174
18203,1,1464462733,3265.8267
18204,1,1464462734,3266.7415
18205,1,1464462735,3264.9712
18206,1,1464462737,3265.776
18207,1,1464462738,3265.616
18208,1,1464462740,3267.2449
18209,1,1464462741,3265.4731
18210,1,1464462743,3266.9485
18211,1,1464462744,3265.7864
18212,1,1464462746,3266.0142
18213,1,1464462747,3266.0366
18214,1,1464462749,3266.1653
18215,1,1464462750,3267.6387
18216,1,1464462752,3266.4954
18217,1,1464462753,3265.8638
18218,1,1464462754,3266.6484
18219,1,1464462756,3267.6897
18220,1,1464462757,3265.492
18221,1,1464462759,3265.588
18222,1,1464462760,3265.2097
18223,1,1464462762,3266.2576
18224,1,1464462763,3265.657
18225,1,1464462765,3265.6428
18226,1,1464462766,3265.546
18227,1,1464462768,3264.938
18228,1,1464462769,3264.7683
18229,1,1464462770,3264.5686
18230,1,1464462772,3266.4307
18231,1,1464462773,3264.9592
18232,1,1464462775,3264.6099
18233,1,1464462776,3265.32
18234,1,1464462778,3264.884
18235,1,1464462779,3264.0664
18236,1,1464462781,3265.4756
18237,1,1464462782,3265.668
18238,1,1464462784,3263.5908
18239,1,1464462785,3263.2703
18240,1,1464462786,3263.989
18241,1,1464462788,3263.406
18242,1,1464462789,3263.34
18243,1,1464462791,3262.8071
18244,1,1464462792,3263.4263
18245,1,1464462794,3262.9265
18246,1,1464462795,3262.9055
18247,1,1464462797,3262.3594
18248,1,1464462798,3262.4307
18249,1,1464462800,3262.338
18250,1,1464462801,3263.0867
18251,1,1464462803,3262.0862
18252,1,1464462804,3263.5671
18253,1,1464462805,3260.8633
18254,1,1464462807,3261.2847
18255,1,1464462808,3262.503
18256,1,1464462810,3262.1826
18257,1,1464462811,3262.8657
18258,1,1464462813,3262.1946
18259,1,1464462814,3261.983
18260,1,1464462816,3264.0273
18261,1,1464462817,3262.662
18262,1,1464462819,3261.646
18263,1,1464462820,3262.9827
18264,1,1464462821,3262.5125
18265,1,1464462823,3261.9263
18266,1,1464462824,3263.5068
18267,1,1464462826,3263.389
18268,1,1464462827,3263.6045
18269,1,1464462829,3262.5857
18270,1,1464462830,3263.0076
18271,1,1464462832,3263.3516
18272,1,1464462833,3265.161
18273,1,1464462835,3262.2605
18274,1,1464462836,3263.3174
18275,1,1464462837,3263.971
18276,1,1464462839,3263.8901
18277,1,1464462840,3264.9016
18278,1,1464462842,3263.4873
18279,1,1464462843,3265.3088
18280,1,1464462845,3264.256
18281,1,1464462846,3264.7068
18282,1,1464462848,3263.6506
18283,1,1464462849,3264.62
18284,1,1464462851,3262.6948
18285,1,1464462852,3265.1047
18286,1,1464462854,3263.7036
18287,1,1464462855,3262.5583
18288,1,1464462856,3263.5623
18289,1,1464462858,3264.0583
18290,1,1464462859,3263.1067
18291,1,1464462861,3264.4062
18292,1,1464462862,3263.4954
18293,1,1464462864,3264.8176
18294,1,1464462865,3261.9343
18295,1,1464462867,3264.2075
18296,1,1464462868,3263.9277
18297,1,1464462870,3263.4631
18298,1,1464462871,3265.5066
18299,1,1464462872,3264.2605
18300,1,1464462874,3264.4568
18301,1,1464462875,3266.3042
18302,1,1464462877,3264.5615
18303,1,1464462878,3262.692
18304,1,1464462880,3264.9155
18305,1,1464462881,3263.7715
18306,1,1464462883,3263.7312
18307,1,1464462884,3264.8696
18308,1,1464462886,3262.531
18309,1,1464462887,3262.5227
18310,1,1464462888,3262.5117
18311,1,1464462890,3262.412
18312,1,1464462891,3261.7947
18313,1,1464462893,3261.4446
18314,1,1464462894,3261.545
18315,1,1464462896,3261.1106
18316,1,1464462897,3260.3982
18317,1,1464462899,3260.1548
18318,1,1464462900,3261.0684
18319,1,1464462902,3260.6792
18320,1,1464462903,3259.6855
18321,1,1464462904,3258.783
18322,1,1464462906,3260.844
18323,1,1464462907,3258.4954
18324,1,1464462909,3259.2693
18325,1,1464462910,3257.7837
18326,1,1464462912,3260.8313
18327,1,1464462913,3254.7478
18328,1,1464462915,3254.9019
18329,1,1464462916,3255.0754
18330,1,1464462918,3255.3445
18331,1,1464462919,3255.0347
18332,1,1464462921,3253.8228
18333,1,1464462922,3255.5513
18334,1,1464462923,3255.2366
18335,1,1464462925,3254.4612
18336,1,1464462926,3252.6155
18337,1,1464462928,3254.1538
18338,1,1464462929,3254.5195
18339,1,1464462931,3252.2996
18340,1,1464462932,3255.4607
18341,1,1464462934,3253.769
18342,1,1464462935,3254.5598
18343,1,1464462937,3255.4866
18344,1,1464462938,3255.316
18345,1,1464462939,3254.582
18346,1,1464462941,3254.738
18347,1,1464462942,3254.5605
18348,1,1464462944,3254.2957
18349,1,1464462945,3255.1543
18350,1,1464462947,3255.3672
18351,1,1464462948,3254.802
18352,1,1464462950,3254.2542
18353,1,1464462951,3254.1855
18354,1,1464462953,3253.1533
18355,1,1464462954,3255.0664
18356,1,1464462955,3254.6492
18357,1,1464462957,3256.199
18358,1,1464462958,3256.0715
18359,1,1464462960,3255.3076
18360,1,1464462961,3255.0466
18361,1,1464462963,3255.3638
18362,1,1464462964,3256.141
18363,1,1464462966,3256.9973
18364,1,1464462967,3255.5693
18365,1,1464462969,3255.5688
18366,1,1464462970,3256.4849
18367,1,1464462972,3257.0461
18368,1,1464462973,3256.4255
18369,1,1464462974,3257.8809
18370,1,1464462976,3256.4392
18371,1,1464462977,3255.938
18372,1,1464462979,3255.068
18373,1,1464462980,3256.462
18374,1,1464462982,3256.0273
18375,1,1464462983,3257.3594
18376,1,1464462985,3257.8027
18377,1,1464462986,3256.7507
18378,1,1464462988,3253.9048
18379,1,1464462989,3256.2
18380,1,1464462990,3255.323
18381,1,1464462992,3254.2708
18382,1,1464462993,3255.403
18383,1,1464462995,3255.1038
18384,1,1464462996,3254.626
18385,1,1464462998,3254.7458
18386,1,1464462999,3254.0347
18387,1,1464463001,3255.3108
18388,1,1464463002,3255.503
18389,1,1464463004,3254.9897
18390,1,1464463005,3253.8167
18391,1,1464463006,3256.7664
18392,1,1464463008,3253.9902
18393,1,1464463009,3254.2292
18394,1,1464463011,3254.0764
18395,1,1464463012,3254.805
18396,1,1464463014,3254.5068
18397,1,1464463015,3253.505
18398,1,1464463017,3254.46
18399,1,1464463018,3256.1702
18400,1,1464463020,3255.416
18401,1,1464463021,3255.2805
18402,1,1464463023,3256.137
18403,1,1464463024,3255.905
18404,1,1464463025,3255.9756
18405,1,1464463027,3256.7307
18406,1,1464463028,3254.6245
18407,1,1464463030,3255.1611
18408,1,1464463031,3254.232
18409,1,1464463033,3255.2803
18410,1,1464463034,3255.979
18411,1,1464463036,3254.8267
18412,1,1464463037,3255.6074
18413,1,1464463039,3254.7341
18414,1,1464463040,3255.5366
18415,1,1464463041,3253.4138
18416,1,1464463043,3252.9468
18417,1,1464463044,3252.8464
18418,1,1464463046,3253.9158
18419,1,1464463047,3253.1836
18420,1,1464463049,3253.8518
18421,1,1464463050,3253.973
18422,1,1464463052,3254.5454
18423,1,1464463053,3252.6858
18424,1,1464463055,3254.112
18425,1,1464463056,3252.876
18426,1,1464463057,3253.0115
18427,1,1464463059,3252.2556
18428,1,1464463060,3253.6577
18429,1,1464463062,3253.6821
18430,1,1464463063,3253.9128
18431,1,1464463065,3254.2964
18432,1,1464463066,3252.93
18433,1,1464463068,3253.7395
18434,1,1464463069,3253.5745
18435,1,1464463071,3253.8853
18436,1,1464463072,3254.3574
18437,1,1464463074,3255.4202
18438,1,1464463075,3253.5286
18439,1,1464463076,3252.5056
18440,1,1464463078,3253.795
18441,1,1464463079,3255.2068
18442,1,1464463081,3253.0378
18443,1,1464463082,3254.5012
18444,1,1464463084,3255.9585
18445,1,1464463085,3254.119
18446,1,1464463087,3254.0884
18447,1,1464463088,3254.5098
18448,1,1464463090,3253.7427
18449,1,1464463091,3251.787
18450,1,1464463092,3254.648
18451,1,1464463094,3254.1653
18452,1,1464463095,3256.0964
18453,1,1464463097,3254.3948
18454,1,1464463098,3254.492
18455,1,1464463100,3255.0098
18456,1,1464463101,3253.9172
18457,1,1464463103,3253.5957
18458,1,1464463104,3253.06
18459,1,1464463106,3254.8696
18460,1,1464463107,3253.5137
18461,1,1464463108,3253.6294
18462,1,1464463110,3253.8657
18463,1,1464463111,3253.7224
18464,1,1464463113,3252.6738
18465,1,1464463114,3252.9924
18466,1,1464463116,3253.48
18467,1,1464463117,3251.5496
18468,1,1464463119,3250.347
18469,1,1464463120,3249.6165
18470,1,1464463122,3250.419
18471,1,1464463123,3251.1335
18472,1,1464463124,3251.091
18473,1,1464463126,3251.0386
18474,1,1464463127,3250.8838
18475,1,1464463129,3249.6333
18476,1,1464463130,3250.9958
18477,1,1464463132,3250.424
18478,1,1464463133,3249.6023
18479,1,1464463135,3249.7751
18480,1,1464463136,3250.097
18481,1,1464463138,3249.3103
18482,1,1464463139,3250.2659
18483,1,1464463141,3249.8657
18484,1,1464463142,3249.3987
18485,1,1464463143,3248.382
18486,1,1464463145,3249.402
18487,1,1464463146,3248.09
18488,1,1464463148,3249.5789
18489,1,1464463149,3249.0752
18490,1,1464463151,3249.588
18491,1,1464463152,3248.749
18492,1,1464463154,3249.5522
18493,1,1464463155,3249.8667
18494,1,1464463157,3250.282
18495,1,1464463158,3248.6606
18496,1,1464463159,3248.814
18497,1,1464463161,3250.337
18498,1,1464463162,3247.853
18499,1,1464463164,3249.1848
18500,1,1464463165,3250.1506
18501,1,1464463167,3248.7964
18502,1,1464463168,3249.1387
18503,1,1464463170,3248.9763
18504,1,1464463171,3249.26
18505,1,1464463173,3249.491
18506,1,1464463174,3249.8257
18507,1,1464463175,3249.6577
18508,1,1464463177,3250.0642
18509,1,1464463178,3249.6824
18510,1,1464463180,3249.702
18511,1,1464463181,3252.429
18512,1,1464463183,3251.1248
18513,1,1464463184,3248.91
18514,1,1464463186,3249.568
18515,1,1464463187,3250.777
18516,1,1464463189,3251.6448
18517,1,1464463190,3250.5183
18518,1,1464463192,3251.7131
18519,1,1464463193,3251.0732
18520,1,1464463194,3250.8328
18521,1,1464463196,3249.7039
18522,1,1464463197,3251.2805
18523,1,1464463199,3250.17
18524,1,1464463200,3252.1716
18525,1,1464463202,3250.7664
18526,1,1464463203,3250.7805
18527,1,1464463205,3252.1067
18528,1,1464463206,3252.0305
18529,1,1464463208,3250.4666
18530,1,1464463209,3253.3699
18531,1,1464463210,3250.2922
18532,1,1464463212,3249.842
18533,1,1464463213,3250.7004
18534,1,1464463215,3250.4138
18535,1,1464463216,3250.3445
18536,1,1464463218,3250.7266
18537,1,1464463219,3250.0608
18538,1,1464463221,3250.142
18539,1,1464463222,3251.276
18540,1,1464463224,3251.5881
18541,1,1464463225,3250.267
18542,1,1464463226,3248.6074
18543,1,1464463228,3250.406
18544,1,1464463229,3249.5103
18545,1,1464463231,3250.369
18546,1,1464463232,3250.832
18547,1,1464463234,3251.2698
18548,1,1464463235,3250.3503
18549,1,1464463237,3250.269
18550,1,1464463238,3250.6711
18551,1,1464463240,3249.3965
18552,1,1464463241,3248.35
18553,1,1464463243,3248.1006
18554,1,1464463244,3249.298
18555,1,1464463245,3249.3723
18556,1,1464463247,3247.716
18557,1,1464463248,3248.2705
18558,1,1464463250,3248.0215
18559,1,1464463251,3248.6365
18560,1,1464463253,3247.2502
18561,1,1464463254,3249.0627
18562,1,1464463256,3248.2239
18563,1,1464463257,3248.4438
18564,1,1464463259,3246.9478
18565,1,1464463260,3249.1328
18566,1,1464463261,3247.1294
18567,1,1464463263,3246.6423
18568,1,1464463264,3246.2732
18569,1,1464463266,3247.3994
18570,1,1464463267,3247.5706
18571,1,1464463269,3248.612
18572,1,1464463270,3247.5
18573,1,1464463272,3246.2627
18574,1,1464463273,3245.538
18575,1,1464463275,3246.9639
18576,1,1464463276,3246.7937
18577,1,1464463277,3246.7092
18578,1,1464463279,3246.196
18579,1,1464463280,3246.5503
18580,1,1464463282,3245.2288
18581,1,1464463283,3247.3335
18582,1,1464463285,3246.5796
18583,1,1464463286,3246.6917
18584,1,1464463288,3247.687
18585,1,1464463289,3247.6519
18586,1,1464463291,3247.7544
18587,1,1464463292,3248.9172
18588,1,1464463293,3247.6353
18589,1,1464463295,3249.0615
18590,1,1464463296,3248.367
18591,1,1464463298,3248.7122
18592,1,1464463299,3249.3462
18593,1,1464463301,3249.8887
18594,1,1464463302,3249.5054
18595,1,1464463304,3249.9998
18596,1,1464463305,3248.3354
18597,1,1464463307,3248.4163
18598,1,1464463308,3247.8787
18599,1,1464463310,3247.7883
18600,1,1464463311,3248.3342
18601,1,1464463312,3248.9502
18602,1,1464463314,3248.916
18603,1,1464463315,3247.4673
18604,1,1464463317,3248.6868
18605,1,1464463318,3247.888
18606,1,1464463320,3246.2896
18607,1,1464463321,3248.5088
18608,1,1464463323,3248.894
18609,1,1464463324,3249.266
18610,1,1464463326,3247.2715
18611,1,1464463327,3247.297
18612,1,1464463328,3248.2737
18613,1,1464463330,3247.9956
18614,1,1464463331,3248.1514
18615,1,1464463333,3247.161
18616,1,1464463334,3247.8718
18617,1,1464463336,3246.829
18618,1,1464463337,3247.4695
18619,1,1464463339,3248.9888
18620,1,1464463340,3248.3164
18621,1,1464463342,3248.243
18622,1,1464463343,3248.4268
18623,1,1464463344,3248.2893
18624,1,1464463346,3247.9927
18625,1,1464463347,3248.925
18626,1,1464463349,3248.8416
18627,1,1464463350,3248.529
18628,1,1464463352,3247.2583
18629,1,1464463353,3246.2974
18630,1,1464463355,3247.8052
18631,1,1464463356,3248.0408
18632,1,1464463358,3248.4534
18633,1,1464463359,3247.0076
18634,1,1464463361,3245.7876
18635,1,1464463362,3247.3462
18636,1,1464463363,3247.122
18637,1,1464463365,3246.138
18638,1,1464463366,3247.0103
18639,1,1464463368,3246.8608
18640,1,1464463369,3246.946
18641,1,1464463371,3246.6711
18642,1,1464463372,3246.5295
18643,1,1464463374,3246.682
18644,1,1464463375,3246.6218
18645,1,1464463377,3249.1907
18646,1,1464463378,3249.6184
18647,1,1464463379,3248.7102
18648,1,1464463381,3247.5134
18649,1,1464463382,3247.7966
18650,1,1464463384,3247.631
18651,1,1464463385,3249.2231
18652,1,1464463387,3246.138
18653,1,1464463388,3248.1562
18654,1,1464463390,3248.618
18655,1,1464463391,3247.497
18656,1,1464463393,3246.0774
18657,1,1464463394,3249.3022
18658,1,1464463395,3248.2263
18659,1,1464463397,3247.4722
18660,1,1464463398,3247.0115
18661,1,1464463400,3249.0178
18662,1,1464463401,3248.662
18663,1,1464463403,3248.5083
18664,1,1464463404,3247.9097
18665,1,1464463406,3248.7783
18666,1,1464463407,3248.1445
18667,1,1464463409,3247.1426
18668,1,1464463410,3247.7295
18669,1,1464463411,3248.148
18670,1,1464463413,3248.5896
18671,1,1464463414,3248.3633
18672,1,1464463416,3245.9778
18673,1,1464463417,3248.725
18674,1,1464463419,3250.2244
18675,1,1464463420,3248.612
18676,1,1464463422,3249.2224
18677,1,1464463423,3247.882
18678,1,1464463425,3248.018
18679,1,1464463426,3248.6484
18680,1,1464463428,3248.0327
18681,1,1464463429,3248.6814
18682,1,1464463430,3248.5017
18683,1,1464463432,3247.4968
18684,1,1464463433,3247.6392
18685,1,1464463435,3247.804
18686,1,1464463436,3246.5964
18687,1,1464463438,3246.1174
18688,1,1464463439,3247.8406
18689,1,1464463441,3248.1238
18690,1,1464463442,3247.4958
18691,1,1464463444,3248.026
18692,1,1464463445,3245.6128
18693,1,1464463446,3245.8535
18694,1,1464463448,3247.4038
18695,1,1464463449,3245.6377
18696,1,1464463451,3247.7383
18697,1,1464463452,3245.7395
18698,1,1464463454,3245.51
18699,1,1464463455,3247.1167
18700,1,1464463457,3244.9263
18701,1,1464463458,3246.9626
18702,1,1464463460,3246.3462
18703,1,1464463461,3244.178
18704,1,1464463462,3245.496
18705,1,1464463464,3244.837
18706,1,1464463465,3244.861
18707,1,1464463467,3246.1216
18708,1,1464463468,3243.6
18709,1,1464463470,3245.4358
18710,1,1464463471,3244.1016
18711,1,1464463473,3244.7275
18712,1,1464463474,3245.6245
18713,1,1464463476,3244.238
18714,1,1464463477,3244.7463
18715,1,1464463479,3244.909
18716,1,1464463480,3242.8267
18717,1,1464463481,3244.4724
18718,1,1464463483,3244.4907
18719,1,1464463484,3245.3809
18720,1,1464463486,3245.0613
18721,1,1464463487,3244.6624
18722,1,1464463489,3245.5144
18723,1,1464463490,3244.2893
18724,1,1464463492,3246.124
18725,1,1464463493,3245.6453
18726,1,1464463495,3243.5505
18727,1,1464463496,3244.0166
18728,1,1464463497,3245.3386
18729,1,1464463499,3244.5698
18730,1,1464463500,3245.1477
18731,1,1464463502,3244.1545
18732,1,1464463503,3243.79
18733,1,1464463505,3244.7356
18734,1,1464463506,3244.2378
18735,1,1464463508,3237.8489
18736,1,1464463509,3194.6257
18737,1,1464463511,3122.2942
18738,1,1464463512,3077.9832
18739,1,1464463513,3076.7842
18740,1,1464463515,3077.9062
18741,1,1464463516,3080.2795
18742,1,1464463518,3079.1443
18743,1,1464463519,3077.7273
18744,1,1464463521,3074.1538
18745,1,1464463522,3082.5476
18746,1,1464463524,3082.616
18747,1,1464463525,3177.4736
18748,1,1464463527,3241.7107
18749,1,1464463528,3243.8872
18750,1,1464463530,3244.1501
18751,1,1464463531,3243.6272
18752,1,1464463532,3243.9001
18753,1,1464463534,3244.7292
18754,1,1464463535,3241.9253
18755,1,1464463537,3241.7266
18756,1,1464463538,3242.0796
18757,1,1464463540,3191.5159
18758,1,1464463541,3181.025
18759,1,1464463543,3181.6995
18760,1,1464463544,3178.035
18761,1,1464463546,3176.4155
18762,1,1464463547,3174.9875
18763,1,1464463548,3176.892
18764,1,1464463550,3174.9766
18765,1,1464463551,3176.1934
18766,1,1464463553,3196.55
18767,1,1464463554,3240.6255
18768,1,1464463556,3239.326
18769,1,1464463557,3238.32
18770,1,1464463559,3237.1313
18771,1,1464463560,3235.8455
18772,1,1464463562,3234.9788
18773,1,1464463563,3235.981
18774,1,1464463564,3235.9578
18775,1,1464463566,3235.5535
18776,1,1464463567,3257.0315
18777,1,1464463569,3246.157
18778,1,1464463570,3203.682
18779,1,1464463572,3204.2551
18780,1,1464463573,3202.7786
18781,1,1464463575,3207.3435
18782,1,1464463576,3207.0027
18783,1,1464463578,3208.307
18784,1,1464463579,3207.7397
18785,1,1464463580,3209.2344
18786,1,1464463582,3211.256
18787,1,1464463583,3259.125
18788,1,1464463585,3243.711
18789,1,1464463586,3235.1782
18790,1,1464463588,3234.7405
18791,1,1464463589,3234.535
18792,1,1464463591,3237.1345
18793,1,1464463592,3238.6685
18794,1,1464463594,3239.1858
18795,1,1464463595,3240.3813
18796,1,1464463597,3214.907
18797,1,1464463598,2991.7063
18798,1,1464463599,2865.936
18799,1,1464463601,2863.684
18800,1,1464463602,2865.8557
18801,1,1464463604,2866.3909
18802,1,1464463605,2869.7268
18803,1,1464463607,2873.468
18804,1,1464463608,2873.2346
18805,1,1464463610,2873.3684
18806,1,1464463611,2887.9844
18807,1,1464463613,3091.6484
18808,1,1464463614,3238.1646
18809,1,1464463615,3239.7617
18810,1,1464463617,3242.1396
18811,1,1464463618,3242.4238
18812,1,1464463620,3241.613
18813,1,1464463621,3239.585
18814,1,1464463623,3239.345
18815,1,1464463624,3238.0493
18816,1,1464463626,3237.5427
18817,1,1464463627,3237.7085
18818,1,1464463629,3237.4395
18819,1,1464463630,3239.0464
18820,1,1464463631,3238.1294
18821,1,1464463633,3248.1482
18822,1,1464463634,3278.747
18823,1,1464463636,3279.991
18824,1,1464463637,3281.3425
18825,1,1464463639,3280.0945
18826,1,1464463640,3280.1555
18827,1,1464463642,3279.4646
18828,1,1464463643,3279.9438
18829,1,1464463645,3279.7617
18830,1,1464463646,3278.7861
18831,1,1464463648,3278.461
18832,1,1464463649,3279.826
18833,1,1464463650,3279.2969
18834,1,1464463652,3279.8384
18835,1,1464463653,3278.3008
18836,1,1464463655,3278.3672
18837,1,1464463656,3279.1946
18838,1,1464463658,3278.7585
18839,1,1464463659,3278.8047
18840,1,1464463661,3277.7854
18841,1,1464463662,3279.2336
18842,1,1464463664,3279.0667
18843,1,1464463665,3277.1997
18844,1,1464463666,3277.4915
18845,1,1464463668,3277.6418
18846,1,1464463669,3277.969
18847,1,1464463671,3278.0046
18848,1,1464463672,3279.8804
18849,1,1464463674,3278.3958
18850,1,1464463675,3277.5708
18851,1,1464463677,3277.1406
18852,1,1464463678,3279.1118
18853,1,1464463680,3278.6743
18854,1,1464463681,3277.6375
18855,1,1464463682,3277.153
18856,1,1464463684,3279.064
18857,1,1464463685,3277.4395
18858,1,1464463687,3277.7454
18859,1,1464463688,3277.469
18860,1,1464463690,3276.1978
18861,1,1464463691,3277.463
18862,1,1464463693,3277.205
18863,1,1464463694,3276.0676
18864,1,1464463696,3277.7944
18865,1,1464463697,3275.819
18866,1,1464463699,3276.253
18867,1,1464463700,3275.9924
18868,1,1464463701,3275.916
18869,1,1464463703,3276.6616
18870,1,1464463704,3276.364
18871,1,1464463706,3276.469
18872,1,1464463707,3277.3113
18873,1,1464463709,3277.263
18874,1,1464463710,3276.5652
18875,1,1464463712,3277.834
18876,1,1464463713,3275.9106
18877,1,1464463715,3275.7952
18878,1,1464463716,3276.4692
18879,1,1464463717,3277.469
18880,1,1464463719,3275.359
18881,1,1464463720,3277.1895
18882,1,1464463722,3276.944
18883,1,1464463723,3276.4705
18884,1,1464463725,3276.888
18885,1,1464463726,3276.9067
18886,1,1464463728,3275.4705
18887,1,1464463729,3276.3857
18888,1,1464463731,3276.9753
18889,1,1464463732,3276.3345
18890,1,1464463733,3275.2222
18891,1,1464463735,3276.2449
18892,1,1464463736,3276.6965
18893,1,1464463738,3275.7988
18894,1,1464463739,3276.4106
18895,1,1464463741,3275.3054
18896,1,1464463742,3276.4438
18897,1,1464463744,3275.216
18898,1,1464463745,3276.019
18899,1,1464463747,3275.358
18900,1,1464463748,3276.994
18901,1,1464463749,3276.424
18902,1,1464463751,3276.8577
18903,1,1464463752,3275.8755
18904,1,1464463754,3275.5667
18905,1,1464463755,3276.9246
18906,1,1464463757,3277.4421
18907,1,1464463758,3276.8123
18908,1,1464463760,3275.031
18909,1,1464463761,3275.088
18910,1,1464463763,3276.7058
18911,1,1464463764,3276.1309
18912,1,1464463766,3276.4507
18913,1,1464463767,3275.0266
18914,1,1464463768,3275.4353
18915,1,1464463770,3275.6719
18916,1,1464463771,3276.1228
18917,1,1464463773,3276.1304
18918,1,1464463774,3275.798
18919,1,1464463776,3274.9128
18920,1,1464463777,3275.534
18921,1,1464463779,3275.2144
18922,1,1464463780,3276.1914
18923,1,1464463782,3275.646
18924,1,1464463783,3274.9082
18925,1,1464463784,3276.034
18926,1,1464463786,3275.7395
18927,1,1464463787,3274.9
18928,1,1464463789,3275.1133
18929,1,1464463790,3276.2007
18930,1,1464463792,3276.0344
18931,1,1464463793,3275.4778
18932,1,1464463795,3274.8718
18933,1,1464463796,3275.9297
18934,1,1464463798,3276.41
18935,1,1464463799,3274.8489
18936,1,1464463800,3276.447
18937,1,1464463802,3275.2166
18938,1,1464463803,3274.3015
18939,1,1464463805,3273.7178
18940,1,1464463806,3274.1326
18941,1,1464463808,3275.3235
18942,1,1464463809,3274.634
18943,1,1464463811,3274.2952
18944,1,1464463812,3274.0894
18945,1,1464463814,3274.2898
18946,1,1464463815,3274.1638
18947,1,1464463817,3273.8916
18948,1,1464463818,3272.5886
18949,1,1464463819,3273.6191
18950,1,1464463821,3273.3223
18951,1,1464463822,3273.2185
18952,1,1464463824,3274.4946
18953,1,1464463825,3275.2876
18954,1,1464463827,3273.5457
18955,1,1464463828,3274.4177
18956,1,1464463830,3272.813
18957,1,1464463831,3274.091
18958,1,1464463833,3273.1377
18959,1,1464463834,3273.195
18960,1,1464463835,3272.4675
18961,1,1464463837,3271.9587
18962,1,1464463838,3273.4565
18963,1,1464463840,3271.3723
18964,1,1464463841,3273.564
18965,1,1464463843,3274.1763
18966,1,1464463844,3275.0679
18967,1,1464463846,3274.0242
18968,1,1464463847,3272.9878
18969,1,1464463849,3272.5825
18970,1,1464463850,3273.9097
18971,1,1464463852,3274.0835
18972,1,1464463853,3273.3884
18973,1,1464463854,3272.7869
18974,1,1464463856,3272.1375
18975,1,1464463857,3274.3994
18976,1,1464463859,3273.664
18977,1,1464463860,3272.9421
18978,1,1464463862,3273.2305
18979,1,1464463863,3272.843
18980,1,1464463865,3274.5938
18981,1,1464463866,3273.9905
18982,1,1464463868,3274.7327
18983,1,1464463869,3274.008
18984,1,1464463870,3273.6506
18985,1,1464463872,3272.7505
18986,1,1464463873,3274.0195
18987,1,1464463875,3273.6384
18988,1,1464463876,3273.774
18989,1,1464463878,3273.9824
18990,1,1464463879,3273.4695
18991,1,1464463881,3273.9563
18992,1,1464463882,3273.7937
18993,1,1464463884,3275.1833
18994,1,1464463885,3275.709
18995,1,1464463886,3275.6812
18996,1,1464463888,3276.0945
18997,1,1464463889,3275.6135
18998,1,1464463891,3276.4658
18999,1,1464463892,3273.7537
19000,1,1464463894,3274.6562
19001,1,1464463895,3273.8894
19002,1,1464463897,3272.2976
19003,1,1464463898,3274.339
19004,1,1464463900,3272.707
19005,1,1464463901,3271.9746
19006,1,1464463902,3272.2979
19007,1,1464463904,3271.4644
19008,1,1464463905,3272.5205
19009,1,1464463907,3272.9854
19010,1,1464463908,3272.6687
19011,1,1464463910,3272.9563
19012,1,1464463911,3272.7441
19013,1,1464463913,3271.7122
19014,1,1464463914,3271.1973
19015,1,1464463916,3271.9915
19016,1,1464463917,3272.2747
19017,1,1464463918,3273.4495
19018,1,1464463920,3272.102
19019,1,1464463921,3272.4312
19020,1,1464463923,3272.4072
19021,1,1464463924,3271.4753
19022,1,1464463926,3271.9644
19023,1,1464463927,3272.7017
19024,1,1464463929,3272.243
19025,1,1464463930,3270.6328
19026,1,1464463932,3272.7134
19027,1,1464463933,3273.9268
19028,1,1464463935,3272.645
19029,1,1464463936,3272.5286
19030,1,1464463937,3272.5007
19031,1,1464463939,3272.5745
19032,1,1464463940,3271.1885
19033,1,1464463942,3271.5647
19034,1,1464463943,3271.8896
19035,1,1464463945,3273.9624
19036,1,1464463946,3272.2527
19037,1,1464463948,3273.2078
19038,1,1464463949,3270.9983
19039,1,1464463951,3272.2495
19040,1,1464463952,3271.3542
19041,1,1464463953,3271.757
19042,1,1464463955,3272.4094
19043,1,1464463956,3272.4019
19044,1,1464463958,3272.6184
19045,1,1464463959,3271.2346
19046,1,1464463961,3272.1006
19047,1,1464463962,3271.7356
19048,1,1464463964,3270.8228
19049,1,1464463965,3271.3013
19050,1,1464463967,3271.4868
19051,1,1464463968,3272.6301
19052,1,1464463969,3270.7737
19053,1,1464463971,3271.568
19054,1,1464463972,3270.581
19055,1,1464463974,3271.9229
19056,1,1464463975,3270.8943
19057,1,1464463977,3271.915
19058,1,1464463978,3271.9675
19059,1,1464463980,3271.035
19060,1,1464463981,3271.391
19061,1,1464463983,3270.5205
19062,1,1464463984,3269.9673
19063,1,1464463986,3269.7827
19064,1,1464463987,3270.6172
19065,1,1464463988,3270.504
19066,1,1464463990,3270.272
19067,1,1464463991,3269.2166
19068,1,1464463993,3269.4695
19069,1,1464463994,3268.0474
19070,1,1464463996,3269.8054
19071,1,1464463997,3270.6194
19072,1,1464463999,3270.4597
19073,1,1464464000,3268.4414
19074,1,1464464002,3269.7996
19075,1,1464464003,3271.441
19076,1,1464464004,3270.5005
19077,1,1464464006,3271.559
19078,1,1464464007,3270.8833
19079,1,1464464009,3271.271
19080,1,1464464010,3269.0964
19081,1,1464464012,3271.9255
19082,1,1464464013,3272.0706
19083,1,1464464015,3270.3638
19084,1,1464464016,3271.0503
19085,1,1464464018,3271.291
19086,1,1464464019,3269.842
19087,1,1464464020,3269.3088
19088,1,1464464022,3269.898
19089,1,1464464023,3268.491
19090,1,1464464025,3269.4956
19091,1,1464464026,3267.336
19092,1,1464464028,3269.664
19093,1,1464464029,3269.3137
19094,1,1464464031,3269.2217
19095,1,1464464032,3271.2395
19096,1,1464464034,3270.7678
19097,1,1464464035,3269.0544
19098,1,1464464037,3268.5525
19099,1,1464464038,3268.547
19100,1,1464464039,3269.2634
19101,1,1464464041,3271.3555
19102,1,1464464042,3272.2166
19103,1,1464464044,3270.7283
19104,1,1464464045,3270.1077
19105,1,1464464047,3270.206
19106,1,1464464048,3270.8628
19107,1,1464464050,3270.4675
19108,1,1464464051,3269.975
19109,1,1464464053,3270.937
19110,1,1464464054,3270.0864
19111,1,1464464055,3269.5522
19112,1,1464464057,3268.707
19113,1,1464464058,3268.7065
19114,1,1464464060,3269.0222
19115,1,1464464061,3269.0803
19116,1,1464464063,3269.6826
19117,1,1464464064,3268.6829
19118,1,1464464066,3268.7825
19119,1,1464464067,3268.4377
19120,1,1464464069,3268.3835
19121,1,1464464070,3268.281
19122,1,1464464071,3268.0464
19123,1,1464464073,3268.9302
19124,1,1464464074,3267.539
19125,1,1464464076,3269.4724
19126,1,1464464077,3269.6133
19127,1,1464464079,3269.087
19128,1,1464464080,3269.3833
19129,1,1464464082,3269.5588
19130,1,1464464083,3269.3125
19131,1,1464464085,3268.1313
19132,1,1464464086,3270.5562
19133,1,1464464088,3268.9844
19134,1,1464464089,3271.1042
19135,1,1464464090,3270.158
19136,1,1464464092,3269.2988
19137,1,1464464093,3269.6255
19138,1,1464464095,3268.9404
19139,1,1464464096,3268.1865
19140,1,1464464098,3267.5337
19141,1,1464464099,3267.799
19142,1,1464464101,3269.5657
19143,1,1464464102,3268.3735
19144,1,1464464104,3268.7422
19145,1,1464464105,3267.3955
19146,1,1464464106,3267.7468
19147,1,1464464108,3266.816
19148,1,1464464109,3266.497
19149,1,1464464111,3266.7695
19150,1,1464464112,3268.3262
19151,1,1464464114,3267.849
19152,1,1464464115,3266.7192
19153,1,1464464117,3268.1123
19154,1,1464464118,3267.9202
19155,1,1464464120,3267.063
19156,1,1464464121,3268.3223
19157,1,1464464122,3267.3792
19158,1,1464464124,3266.9124
19159,1,1464464125,3266.3596
19160,1,1464464127,3268.474
19161,1,1464464128,3266.9172
19162,1,1464464130,3266.1926
19163,1,1464464131,3256.3093
19164,1,1464464133,3257.4392
19165,1,1464464134,3266.3967
19166,1,1464464136,3267.28
19167,1,1464464137,3268.5261
19168,1,1464464138,3266.0798
19169,1,1464464140,3267.3806
19170,1,1464464141,3267.3752
19171,1,1464464143,3266.9492
19172,1,1464464144,3266.333
19173,1,1464464146,3267.3198
19174,1,1464464147,3267.7275
19175,1,1464464149,3267.751
19176,1,1464464150,3266.3452
19177,1,1464464152,3268.5542
19178,1,1464464153,3267.71
19179,1,1464464155,3267.2944
19180,1,1464464156,3268.5518
19181,1,1464464157,3269.5842
19182,1,1464464159,3269.3774
19183,1,1464464160,3268.8796
19184,1,1464464162,3266.8096
19185,1,1464464163,3267.8564
19186,1,1464464165,3267.7246
19187,1,1464464166,3267.6646
19188,1,1464464168,3266.9878
19189,1,1464464169,3268.198
19190,1,1464464171,3267.0203
19191,1,1464464172,3267.2546
19192,1,1464464173,3267.0037
19193,1,1464464175,3267.37
19194,1,1464464176,3267.8997
19195,1,1464464178,3267.0464
19196,1,1464464179,3267.482
19197,1,1464464181,3268.2402
19198,1,1464464182,3266.3384
19199,1,1464464184,3266.6848
19200,1,1464464185,3267.264
19201,1,1464464187,3266.8906
19202,1,1464464188,3266.6775
19203,1,1464464189,3265.5137
19204,1,1464464191,3266.7349
19205,1,1464464192,3267.7844
19206,1,1464464194,3267.347
19207,1,1464464195,3266.621
19208,1,1464464197,3267.793
19209,1,1464464198,3265.9014
19210,1,1464464200,3265.401
19211,1,1464464201,3267.0437
19212,1,1464464203,3266.2395
19213,1,1464464204,3265.4443
19214,1,1464464206,3266.9067
19215,1,1464464207,3264.8396
19216,1,1464464208,3266.3735
19217,1,1464464210,3265.8533
19218,1,1464464211,3266.1594
19219,1,1464464213,3267.666
19220,1,1464464214,3266.2258
19221,1,1464464216,3267.5352
19222,1,1464464217,3265.9321
19223,1,1464464219,3264.594
19224,1,1464464220,3266.553
19225,1,1464464222,3265.1301
19226,1,1464464223,3266.262
19227,1,1464464224,3265.0525
19228,1,1464464226,3265.9863
19229,1,1464464227,3264.7275
19230,1,1464464229,3266.7664
19231,1,1464464230,3265.836
19232,1,1464464232,3266.3315
19233,1,1464464233,3268.134
19234,1,1464464235,3266.847
19235,1,1464464236,3266.358
19236,1,1464464238,3266.6519
19237,1,1464464239,3265.3286
19238,1,1464464240,3266.641
19239,1,1464464242,3267.4326
19240,1,1464464243,3267.477
19241,1,1464464245,3266.5002
19242,1,1464464246,3266.779
19243,1,1464464248,3265.7693
19244,1,1464464249,3265.7896
19245,1,1464464251,3264.6172
19246,1,1464464252,3265.8516
19247,1,1464464254,3266.6033
19248,1,1464464255,3264.3345
19249,1,1464464257,3264.421
19250,1,1464464258,3264.7913
19251,1,1464464259,3264.4302
19252,1,1464464261,3264.3171
19253,1,1464464262,3266.086
19254,1,1464464264,3263.8762
19255,1,1464464265,3265.9006
19256,1,1464464267,3265.3809
19257,1,1464464268,3264.9404
19258,1,1464464270,3265.1658
19259,1,1464464271,3265.2837
19260,1,1464464273,3264.1423
19261,1,1464464274,3265.532
19262,1,1464464275,3265.192
19263,1,1464464277,3265.5083
19264,1,1464464278,3265.8948
19265,1,1464464280,3265.9082
19266,1,1464464281,3263.4668
19267,1,1464464283,3264.5994
19268,1,1464464284,3263.8389
19269,1,1464464286,3261.5671
19270,1,1464464287,3260.3574
19271,1,1464464289,3259.8806
19272,1,1464464290,3258.4346
19273,1,1464464291,3259.0854
19274,1,1464464293,3259.1355
19275,1,1464464294,3258.2637
19276,1,1464464296,3258.8381
19277,1,1464464297,3259.4736
19278,1,1464464299,3259.2087
19279,1,1464464300,3261.256
19280,1,1464464302,3261.447
19281,1,1464464303,3262.022
19282,1,1464464305,3262.9666
19283,1,1464464306,3264.793
19284,1,1464464307,3264.6353
19285,1,1464464309,3265.025
19286,1,1464464310,3265.517
19287,1,1464464312,3264.7014
19288,1,1464464313,3265.558
19289,1,1464464315,3264.919
19290,1,1464464316,3263.8215
19291,1,1464464318,3262.8347
19292,1,1464464319,3265.709
19293,1,1464464321,3266.434
19294,1,1464464322,3266.5552
19295,1,1464464324,3265.7986
19296,1,1464464325,3267.336
19297,1,1464464326,3265.8855
19298,1,1464464328,3265.5762
19299,1,1464464329,3265.698
19300,1,1464464331,3265.6277
19301,1,1464464332,3266.248
19302,1,1464464334,3266.6804
19303,1,1464464335,3264.8032
19304,1,1464464337,3265.961
19305,1,1464464338,3266.1067
19306,1,1464464340,3265.9683
19307,1,1464464341,3263.893
19308,1,1464464342,3262.6865
19309,1,1464464344,3261.8257
19310,1,1464464345,3262.7747
19311,1,1464464347,3263.9507
19312,1,1464464348,3263.553
19313,1,1464464350,3264.1306
19314,1,1464464351,3263.117
19315,1,1464464353,3262.394
19316,1,1464464354,3261.1653
19317,1,1464464356,3261.57
19318,1,1464464357,3263.2405
19319,1,1464464358,3262.3452
19320,1,1464464360,3263.4646
19321,1,1464464361,3262.8857
19322,1,1464464363,3263.9646
19323,1,1464464364,3263.3584
19324,1,1464464366,3263.693
19325,1,1464464367,3263.1729
19326,1,1464464369,3263.7737
19327,1,1464464370,3263.5886
19328,1,1464464372,3263.147
19329,1,1464464373,3263.3137
19330,1,1464464375,3261.677
19331,1,1464464376,3262.1372
19332,1,1464464377,3262.2412
19333,1,1464464379,3263.1904
19334,1,1464464380,3263.6982
19335,1,1464464382,3261.6008
19336,1,1464464383,3263.2297
19337,1,1464464385,3263.5422
19338,1,1464464386,3263.2817
19339,1,1464464388,3264.868
19340,1,1464464389,3263.9092
19341,1,1464464391,3263.4048
19342,1,1464464392,3263.354
19343,1,1464464393,3263.6846
19344,1,1464464395,3263.5667
19345,1,1464464396,3263.6313
19346,1,1464464398,3261.9211
19347,1,1464464399,3262.3093
19348,1,1464464401,3264.108
19349,1,1464464402,3262.5608
19350,1,1464464404,3264.3508
19351,1,1464464405,3262.4226
19352,1,1464464407,3262.0405
19353,1,1464464408,3263.8694
19354,1,1464464409,3261.987
19355,1,1464464411,3261.1816
19356,1,1464464412,3263.3232
19357,1,1464464414,3263.3584
19358,1,1464464415,3262.9275
19359,1,1464464417,3262.5056
19360,1,1464464418,3262.164
19361,1,1464464420,3261.8992
19362,1,1464464421,3261.269
19363,1,1464464423,3263.9727
19364,1,1464464424,3262.2473
19365,1,1464464426,3261.9595
19366,1,1464464427,3262.6877
19367,1,1464464428,3262.0356
19368,1,1464464430,3259.976
19369,1,1464464431,3260.8494
19370,1,1464464433,3262.8457
19371,1,1464464434,3262.3225
19372,1,1464464436,3262.685
19373,1,1464464437,3261.9946
19374,1,1464464439,3261.978
19375,1,1464464440,3262.2195
19376,1,1464464442,3261.6343
19377,1,1464464443,3262.4932
19378,1,1464464444,3261.6226
19379,1,1464464446,3261.2268
19380,1,1464464447,3261.8784
19381,1,1464464449,3260.8628
19382,1,1464464450,3261.8335
19383,1,1464464452,3260.9724
19384,1,1464464453,3262.2454
19385,1,1464464455,3260.6326
19386,1,1464464456,3260.4094
19387,1,1464464458,3259.9937
19388,1,1464464459,3260.4724
19389,1,1464464460,3260.9856
19390,1,1464464462,3260.8052
19391,1,1464464463,3262.1543
19392,1,1464464465,3259.494
19393,1,1464464466,3260.6746
19394,1,1464464468,3260.3167
19395,1,1464464469,3259.6743
19396,1,1464464471,3259.9746
19397,1,1464464472,3261.2937
19398,1,1464464474,3260.4075
19399,1,1464464475,3260.0986
19400,1,1464464476,3259.3918
19401,1,1464464478,3260.8032
19402,1,1464464479,3260.8718
19403,1,1464464481,3259.932
19404,1,1464464482,3260.6511
19405,1,1464464484,3261.4287
19406,1,1464464485,3260.1284
19407,1,1464464487,3260.465
19408,1,1464464488,3260.9675
19409,1,1464464490,3259.978
19410,1,1464464491,3261.1
19411,1,1464464493,3260.405
19412,1,1464464494,3259.8872
19413,1,1464464495,3259.3064
19414,1,1464464497,3259.8745
19415,1,1464464498,3259.4976
19416,1,1464464500,3259.7458
19417,1,1464464501,3259.0361
19418,1,1464464503,3261.2527
19419,1,1464464504,3260.737
19420,1,1464464506,3261.13
19421,1,1464464507,3260.3582
19422,1,1464464509,3260.293
19423,1,1464464510,3261.4795
19424,1,1464464511,3259.854
19425,1,1464464513,3259.6282
19426,1,1464464514,3259.9883
19427,1,1464464516,3260.5322
19428,1,1464464517,3259.704
19429,1,1464464519,3259.6611
19430,1,1464464520,3260.9316
19431,1,1464464522,3258.8503
19432,1,1464464523,3259.5288
19433,1,1464464525,3259.7834
19434,1,1464464526,3259.2236
19435,1,1464464527,3261.1077
19436,1,1464464529,3259.5425
19437,1,1464464530,3259.2585
19438,1,1464464532,3260.9985
19439,1,1464464533,3259.608
19440,1,1464464535,3261.071
19441,1,1464464536,3259.9995
19442,1,1464464538,3259.7156
19443,1,1464464539,3259.966
19444,1,1464464541,3261.53
19445,1,1464464542,3260.2222
19446,1,1464464544,3261.1655
19447,1,1464464545,3260.1082
19448,1,1464464546,3260.0054
19449,1,1464464548,3262.5017
19450,1,1464464549,3259.239
19451,1,1464464551,3260.569
19452,1,1464464552,3260.4521
19453,1,1464464554,3261.8132
19454,1,1464464555,3258.4722
19455,1,1464464557,3259.8022
19456,1,1464464558,3261.642
19457,1,1464464560,3260.6245
19458,1,1464464561,3260.325
19459,1,1464464562,3260.0835
19460,1,1464464564,3259.9038
19461,1,1464464565,3260.3398
19462,1,1464464567,3259.8623
19463,1,1464464568,3260.1887
19464,1,1464464570,3259.2622
19465,1,1464464571,3259.2375
19466,1,1464464573,3259.4417
19467,1,1464464574,3259.6184
19468,1,1464464576,3260.4355
19469,1,1464464577,3259.0833
19470,1,1464464578,3260.2148
19471,1,1464464580,3259.292
19472,1,1464464581,3259.7102
19473,1,1464464583,3258.9521
19474,1,1464464584,3259.9822
19475,1,1464464586,3259.173
19476,1,1464464587,3259.4546
19477,1,1464464589,3258.026
19478,1,1464464590,3259.865
19479,1,1464464592,3258.7285
19480,1,1464464593,3259.2275
19481,1,1464464595,3258.6755
19482,1,1464464596,3259.1843
19483,1,1464464597,3259.5366
19484,1,1464464599,3258.57
19485,1,1464464600,3259.3457
19486,1,1464464602,3259.8745
19487,1,1464464603,3258.5574
19488,1,1464464605,3258.8765
19489,1,1464464606,3260.4111
19490,1,1464464608,3260.2388
19491,1,1464464609,3259.5
19492,1,1464464611,3258.4514
19493,1,1464464612,3258.9885
19494,1,1464464613,3257.9988
19495,1,1464464615,3259.0667
19496,1,1464464616,3258.7466
19497,1,1464464618,3258.9355
19498,1,1464464619,3259.7698
19499,1,1464464621,3257.514
19500,1,1464464622,3257.7603
19501,1,1464464624,3258.8599
19502,1,1464464625,3258.1072
19503,1,1464464627,3258.0825
19504,1,1464464628,3258.3389
19505,1,1464464629,3258.8694
19506,1,1464464631,3259.0596
19507,1,1464464632,3258.6843
19508,1,1464464634,3258.3174
19509,1,1464464635,3256.2747
19510,1,1464464637,3257.3083
19511,1,1464464638,3258.892
19512,1,1464464640,3257.8606
19513,1,1464464641,3257.475
19514,1,1464464643,3258.4612
19515,1,1464464644,3257.7275
19516,1,1464464645,3257.6294
19517,1,1464464647,3258.8716
19518,1,1464464648,3257.2036
19519,1,1464464650,3258.288
19520,1,1464464651,3258.25
19521,1,1464464653,3259.5696
19522,1,1464464654,3257.6199
19523,1,1464464656,3256.2917
19524,1,1464464657,3256.963
19525,1,1464464659,3257.3403
19526,1,1464464660,3258.9092
19527,1,1464464662,3258.7412
19528,1,1464464663,3258.976
19529,1,1464464664,3257.373
19530,1,1464464666,3257.2207
19531,1,1464464667,3257.57
19532,1,1464464669,3255.4495
19533,1,1464464670,3257.7056
19534,1,1464464672,3256.068
19535,1,1464464673,3257.6152
19536,1,1464464675,3257.0603
19537,1,1464464676,3256.6614
19538,1,1464464678,3257.1248
19539,1,1464464679,3257.0488
19540,1,1464464680,3257.056
19541,1,1464464682,3256.894
19542,1,1464464683,3257.9905
19543,1,1464464685,3258.0276
19544,1,1464464686,3256.1755
19545,1,1464464688,3255.9062
19546,1,1464464689,3256.5125
19547,1,1464464691,3257.6562
19548,1,1464464692,3257.0884
19549,1,1464464694,3256.8813
19550,1,1464464695,3256.1213
19551,1,1464464696,3256.6467
19552,1,1464464698,3257.4368
19553,1,1464464699,3256.1797
19554,1,1464464701,3256.032
19555,1,1464464702,3256.4973
19556,1,1464464704,3255.6433
19557,1,1464464705,3256.8245
19558,1,1464464707,3257.087
19559,1,1464464708,3255.9956
19560,1,1464464710,3256.2852
19561,1,1464464711,3256.5295
19562,1,1464464713,3256.738
19563,1,1464464714,3257.2026
19564,1,1464464715,3256.0024
19565,1,1464464717,3255.04
19566,1,1464464718,3256.1855
19567,1,1464464720,3255.705
19568,1,1464464721,3255.4116
19569,1,1464464723,3256.2468
19570,1,1464464724,3255.9915
19571,1,1464464726,3256.4526
19572,1,1464464727,3256.2896
19573,1,1464464729,3257.5154
19574,1,1464464730,3255.1147
19575,1,1464464731,3255.433
19576,1,1464464733,3255.9448
19577,1,1464464734,3256.8418
19578,1,1464464736,3255.415
19579,1,1464464737,3255.296
19580,1,1464464739,3256.9683
19581,1,1464464740,3257.7432
19582,1,1464464742,3257.0544
19583,1,1464464743,3256.497
19584,1,1464464745,3256.2747
19585,1,1464464746,3254.76
19586,1,1464464747,3255.048
19587,1,1464464749,3256.3694
19588,1,1464464750,3255.0847
19589,1,1464464752,3255.842
19590,1,1464464753,3255.9175
19591,1,1464464755,3253.801
19592,1,1464464756,3255.515
19593,1,1464464758,3255.609
19594,1,1464464759,3254.706
19595,1,1464464761,3255.1135
19596,1,1464464762,3256.1804
19597,1,1464464764,3255.76
19598,1,1464464765,3255.2576
19599,1,1464464766,3255.1575
19600,1,1464464768,3256.0508
19601,1,1464464769,3253.9028
19602,1,1464464771,3254.9287
19603,1,1464464772,3253.77
19604,1,1464464774,3253.3704
19605,1,1464464775,3252.6624
19606,1,1464464777,3255.052
19607,1,1464464778,3254.6282
19608,1,1464464780,3255.686
19609,1,1464464781,3254.5583
19610,1,1464464782,3255.8948
19611,1,1464464784,3255.0872
19612,1,1464464785,3254.9731
19613,1,1464464787,3254.0986
19614,1,1464464788,3254.278
19615,1,1464464790,3254.6497
19616,1,1464464791,3254.0403
19617,1,1464464793,3254.0708
19618,1,1464464794,3254.652
19619,1,1464464796,3252.8557
19620,1,1464464797,3252.1875
19621,1,1464464798,3253.2788
19622,1,1464464800,3252.5623
19623,1,1464464801,3252.4868
19624,1,1464464803,3253.9817
19625,1,1464464804,3253.1133
19626,1,1464464806,3252.7126
